599,861776  	23,578619 
601,790592  	23,834226 
603,719408  	24,077936 
605,648224  	24,103656 
607,577040  	24,097288 
609,505856  	24,287541 
611,434672  	24,222356 
613,363488  	23,773960 
615,292304  	23,211807 
617,221120  	23,378695 
619,149936  	24,009990 
621,078752  	24,646393 
623,007568  	25,408585 
624,936384  	26,429542 
626,865200  	27,363835 
628,794016  	27,964617 
630,722832  	28,422428 
632,651648  	28,957101 
634,580464  	29,210009 
636,509280  	29,513385 
638,438096  	29,936646 
640,366912  	30,200381 
642,295728  	30,464059 
644,224544  	30,746480 
646,153360  	31,130741 
648,082176  	31,624544 
650,010992  	31,951283 
651,939808  	32,095875 
653,868624  	32,330529 
655,797440  	32,605743 
657,726256  	32,834980 
659,655072  	33,012033 
661,583888  	33,116044 
663,512704  	33,422006 
665,441520  	33,773088 
667,370336  	33,950044 
669,299152  	34,325109 
671,227968  	34,449573 
673,156784  	34,599195 
675,085600  	34,854462 
677,014416  	35,148392 
678,943232  	35,464876 
680,872048  	35,725320 
682,800864  	35,894696 
684,729680  	36,010567 
686,658496  	36,113236 
688,587312  	36,345044 
690,516128  	36,769367 
692,444944  	37,083090 
694,373760  	37,269833 
696,302576  	37,384234 
698,231392  	37,631820 
700,160208  	37,952339 
702,089024  	38,283225 
704,017840  	38,645645 
705,946656  	39,087141 
707,875472  	39,502018 
709,804288  	39,854590 
711,733104  	40,110637 
713,661920  	40,467759 
715,590736  	40,885931 
717,519552  	41,325778 
719,448368  	41,720686 
721,377184  	42,218309 
723,306000  	42,821103 
725,234816  	43,332328 
727,163632  	43,806004 
729,092448  	44,315902 
731,021264  	44,802797 
732,950080  	45,277061 
734,878896  	45,696465 
736,807712  	46,116990 
738,736528  	46,550055 
740,665344  	46,931716 
742,594160  	47,129488 
744,522976  	47,444284 
746,451792  	47,841270 
748,380608  	48,182559 
750,309424  	48,603473 
752,238240  	48,814533 
754,167056  	48,899920 
756,095872  	49,031911 
758,024688  	49,118386 
759,953504  	49,169200 
761,882320  	49,184044 
763,811136  	49,141343 
765,739952  	49,129264 
767,668768  	49,273683 
769,597584  	49,393852 
771,526400  	49,474823 
773,455216  	49,655054 
775,384032  	49,817801 
777,312848  	49,961682 
779,241664  	50,101912 
781,170480  	50,277122 
783,099296  	50,575295 
785,028112  	51,015654 
786,956928  	51,455566 
788,885744  	51,967494 
790,814560  	52,526768 
792,743376  	52,889485 
794,672192  	52,980809 
796,601008  	53,079282 
798,529824  	53,208672 
800,458640  	53,194327 
802,387456  	53,060726 
804,316272  	53,036491 
806,245088  	52,965722 
808,173904  	52,803417 
810,102720  	52,632006 
812,031536  	52,624596 
813,960352  	52,773041 
815,889168  	52,985070 
817,817984  	53,281880 
819,746800  	53,403356 
821,675616  	53,214450 
823,604432  	52,837006 
825,533248  	53,186297 
827,462064  	54,154282 
829,390880  	54,836825 
831,319696  	55,151827 
833,248512  	55,396188 
835,177328  	55,680564 
837,106144  	55,822915 
839,034960  	56,077118 
840,963776  	56,591966 
842,892592  	57,225591 
844,821408  	57,905832 
846,750224  	58,590693 
848,679040  	59,109288 
850,607856  	59,657473 
852,536672  	60,026749 
854,465488  	60,250277 
856,394304  	60,629478 
858,323120  	60,935635 
860,251936  	61,106323 
862,180752  	61,313930 
864,109568  	61,491925 
866,038384  	61,561275 
867,967200  	61,580842 
869,896016  	61,674692 
871,824832  	61,731276 
873,753648  	61,749750 
875,682464  	61,667075 
877,611280  	61,698581 
879,540096  	61,722810 
881,468912  	61,724666 
883,397728  	61,746966 
885,326544  	61,816195 
887,255360  	61,825134 
889,184176  	61,862553 
891,112992  	62,001205 
893,041808  	62,164909 
894,970624  	62,299989 
896,899440  	62,528682 
898,828256  	62,725278 
900,757072  	62,826156 
902,685888  	62,869309 
904,614704  	62,781220 
906,543520  	62,493320 
908,472336  	62,179612 
910,401152  	61,907567 
912,329968  	61,630292 
914,258784  	61,318907 
916,187600  	61,158318 
918,116416  	61,126368 
920,045232  	61,111742 
921,974048  	61,037905 
923,902864  	60,921766 
925,831680  	60,832606 
927,760496  	60,782720 
929,689312  	60,666246 
931,618128  	60,563320 
933,546944  	60,473869 
935,475760  	60,403635 
937,404576  	60,289436 
939,333392  	60,004969 
941,262208  	59,523356 
943,191024  	58,976077 
945,119840  	58,294737 
947,048656  	57,455950 
948,977472  	56,557329 
950,906288  	55,721653 
952,835104  	54,909899 
954,763920  	54,165749 
956,692736  	53,503020 
958,621552  	52,754586 
960,550368  	51,881456 
962,479184  	50,888851 
964,408000  	49,807697 
966,336816  	48,576322 
968,265632  	47,174433 
970,194448  	45,549716 
972,123264  	43,731112 
974,052080  	41,860507 
975,980896  	39,975953 
977,909712  	38,213024 
979,838528  	36,675060 
981,767344  	35,399059 
983,696160  	34,283821 
985,624976  	33,340559 
987,553792  	32,451351 
989,482608  	31,499378 
991,411424  	30,590262 
993,340240  	29,613438 
995,269056  	28,492346 
997,197872  	27,286969 
999,126688  	25,977502 
1001,055504  	24,612464 
1002,984320  	23,190851 
1004,913136  	21,702895 
1006,841952  	20,322034 
1008,770768  	19,051510 
1010,699584  	17,911777 
1012,628400  	16,846361 
1014,557216  	15,908472 
1016,486032  	14,989628 
1018,414848  	14,185175 
1020,343664  	13,411384 
1022,272480  	12,718267 
1024,201296  	12,085178 
1026,130112  	11,535916 
1028,058928  	11,008731 
1029,987744  	10,616949 
1031,916560  	10,266447 
1033,845376  	10,054947 
1035,774192  	10,000000 
1037,703008  	10,169628 
1039,631824  	10,423683 
1041,560640  	10,829164 
1043,489456  	11,278365 
1045,418272  	11,878543 
1047,347088  	12,564140 
1049,275904  	13,395934 
1051,204720  	14,285188 
1053,133536  	15,267530 
1055,062352  	16,085909 
1056,991168  	16,759203 
1058,919984  	17,211568 
1060,848800  	17,444152 
1062,777616  	17,526607 
1064,706432  	17,585632 
1066,635248  	17,598088 
1068,564064  	17,692901 
1070,492880  	17,889250 
1072,421696  	18,337838 
1074,350512  	18,911878 
1076,279328  	19,699762 
1078,208144  	20,584583 
1080,136960  	21,651429 
1082,065776  	22,769709 
1083,994592  	23,874137 
1085,923408  	24,906511 
1087,852224  	25,821836 
1089,781040  	26,525990 
1091,709856  	27,151559 
1093,638672  	27,552245 
1095,567488  	27,888779 
1097,496304  	28,227738 
1099,425120  	28,664885 
1101,353936  	29,138329 
1103,282752  	29,640672 
1105,211568  	30,167294 
1107,140384  	30,753866 
1109,069200  	31,350638 
1110,998016  	31,949264 
1112,926832  	32,507731 
1114,855648  	33,132981 
1116,784464  	33,830373 
1118,713280  	34,618341 
1120,642096  	35,544507 
1122,570912  	36,604921 
1124,499728  	37,715710 
1126,428544  	38,868910 
1128,357360  	39,958297 
1130,286176  	41,006447 
1132,214992  	41,935229 
1134,143808  	42,738290 
1136,072624  	43,419552 
1138,001440  	43,926729 
1139,930256  	44,342592 
1141,859072  	44,710396 
1143,787888  	44,979824 
1145,716704  	45,168454 
1147,645520  	45,299495 
1149,574336  	45,388597 
1151,503152  	45,369719 
1153,431968  	45,318997 
1155,360784  	45,324699 
1157,289600  	45,468639 
1159,218416  	45,785831 
1161,147232  	46,312786 
1163,076048  	46,990690 
1165,004864  	47,765269 
1166,933680  	48,595025 
1168,862496  	49,412812 
1170,791312  	50,175382 
1172,720128  	50,828784 
1174,648944  	51,406141 
1176,577760  	51,909859 
1178,506576  	52,360706 
1180,435392  	52,840749 
1182,364208  	53,406378 
1184,293024  	54,114724 
1186,221840  	54,922220 
1188,150656  	55,676720 
1190,079472  	56,306396 
1192,008288  	56,740998 
1193,937104  	56,962907 
1195,865920  	56,940471 
1197,794736  	56,707834 
1199,723552  	56,380246 
1201,652368  	56,043293 
1203,581184  	55,762284 
1205,510000  	55,585963 
1207,438816  	55,503199 
1209,367632  	55,460011 
1211,296448  	55,405974 
1213,225264  	55,310543 
1215,154080  	55,147527 
1217,082896  	54,914061 
1219,011712  	54,596357 
1220,940528  	54,259037 
1222,869344  	53,918718 
1224,798160  	53,556508 
1226,726976  	53,173444 
1228,655792  	52,787106 
1230,584608  	52,410898 
1232,513424  	52,075306 
1234,442240  	51,765801 
1236,371056  	51,491731 
1238,299872  	51,240341 
1240,228688  	51,005416 
1242,157504  	50,721238 
1244,086320  	50,400824 
1246,015136  	50,056301 
1247,943952  	49,660046 
1249,872768  	49,236262 
1251,801584  	48,768667 
1253,730400  	48,274595 
1255,659216  	47,835749 
1257,588032  	47,498648 
1259,516848  	47,255757 
1261,445664  	47,179844 
1263,374480  	47,283864 
1265,303296  	47,579529 
1267,232112  	47,953674 
1269,160928  	48,363256 
1271,089744  	48,776031 
1273,018560  	49,142411 
1274,947376  	49,410849 
1276,876192  	49,631318 
1278,805008  	49,804118 
1280,733824  	49,896586 
1282,662640  	49,895100 
1284,591456  	49,883833 
1286,520272  	49,931254 
1288,449088  	50,070100 
1290,377904  	50,239147 
1292,306720  	50,440494 
1294,235536  	50,602815 
1296,164352  	50,691864 
1298,093168  	50,677069 
1300,021984  	50,602065 
1301,950800  	50,488829 
1303,879616  	50,392380 
1305,808432  	50,188154 
1307,737248  	50,005218 
1309,666064  	50,017262 
1311,594880  	49,786014 
1313,523696  	49,556272 
1315,452512  	49,311648 
1317,381328  	49,065624 
1319,310144  	48,802745 
1321,238960  	48,521024 
1323,167776  	48,061045 
1325,096592  	47,887875 
1327,025408  	47,491629 
1328,954224  	46,857928 
1330,883040  	46,278678 
1332,811856  	45,725313 
1334,740672  	45,056910 
1336,669488  	44,344385 
1338,598304  	43,612857 
1340,527120  	42,865958 
1342,455936  	42,184296 
1344,384752  	41,562198 
1346,313568  	41,100745 
1348,242384  	40,712360 
1350,171200  	40,438606 
1352,100016  	40,198180 
1354,028832  	40,022568 
1355,957648  	39,836403 
1357,886464  	39,667994 
1359,815280  	39,454953 
1361,744096  	39,278147 
1363,672912  	39,082501 
1365,601728  	38,860954 
1367,530544  	38,614654 
1369,459360  	38,398074 
1371,388176  	38,033009 
1373,316992  	37,669060 
1375,245808  	37,356732 
1377,174624  	37,279907 
1379,103440  	37,357279 
1381,032256  	37,464495 
1382,961072  	37,486637 
1384,889888  	37,549373 
1386,818704  	37,678011 
1388,747520  	37,925855 
1390,676336  	38,041169 
1392,605152  	38,149779 
1394,533968  	38,242978 
1396,462784  	38,352131 
1398,391600  	38,428424 
1400,320416  	38,669929 
1402,249232  	38,795350 
1404,178048  	39,085187 
1406,106864  	39,475818 
1408,035680  	39,905928 
1409,964496  	40,366034 
1411,893312  	40,981802 
1413,822128  	41,606920 
1415,750944  	42,304416 
1417,679760  	43,000810 
1419,608576  	44,146790 
1421,537392  	45,000772 
1423,466208  	45,810110 
1425,395024  	46,742719 
1427,323840  	47,512072 
1429,252656  	48,197654 
1431,181472  	48,848562 
1433,110288  	49,390766 
1435,039104  	49,984347 
1436,967920  	50,774235 
1438,896736  	51,409407 
1440,825552  	51,754637 
1442,754368  	52,179464 
1444,683184  	52,524216 
1446,612000  	52,912913 
1448,540816  	53,379055 
1450,469632  	53,838347 
1452,398448  	54,252808 
1454,327264  	54,709089 
1456,256080  	55,301622 
1458,184896  	56,439608 
1460,113712  	57,025505 
1462,042528  	57,550287 
1463,971344  	58,348788 
1465,900160  	59,635704 
1467,828976  	60,790931 
1469,757792  	62,007680 
1471,686608  	63,341724 
1473,615424  	65,007011 
1475,544240  	66,137140 
1477,473056  	67,093912 
1479,401872  	67,708947 
1481,330688  	68,183646 
1483,259504  	68,441278 
1485,188320  	68,351057 
1487,117136  	68,145903 
1489,045952  	67,854999 
1490,974768  	67,415793 
1492,903584  	66,962565 
1494,832400  	66,588719 
1496,761216  	66,255123 
1498,690032  	66,025650 
1500,618848  	65,848065 
1502,547664  	65,669903 
1504,476480  	65,472577 
1506,405296  	65,097552 
1508,334112  	64,134412 
1510,262928  	63,373402 
1512,191744  	62,629387 
1514,120560  	62,099593 
1516,049376  	61,940613 
1517,978192  	62,245977 
1519,907008  	62,520918 
1521,835824  	63,187854 
1523,764640  	63,373893 
1525,693456  	63,342245 
1527,622272  	63,087724 
1529,551088  	62,799863 
1531,479904  	62,165650 
1533,408720  	61,508779 
1535,337536  	60,659852 
1537,266352  	59,901509 
1539,195168  	59,076648 
1541,123984  	58,163394 
1543,052800  	57,290807 
1544,981616  	56,493885 
1546,910432  	55,661666 
1548,839248  	54,856952 
1550,768064  	53,931996 
1552,696880  	53,061540 
1554,625696  	52,140858 
1556,554512  	51,272676 
1558,483328  	50,403619 
1560,412144  	49,287078 
1562,340960  	48,397602 
1564,269776  	47,534530 
1566,198592  	46,587272 
1568,127408  	45,843928 
1570,056224  	45,059581 
1571,985040  	44,304000 
1573,913856  	43,610515 
1575,842672  	42,964454 
1577,771488  	42,273309 
1579,700304  	41,675825 
1581,629120  	41,086351 
1583,557936  	40,503008 
1585,486752  	39,904123 
1587,415568  	39,321675 
1589,344384  	38,764756 
1591,273200  	38,302209 
1593,202016  	37,903160 
1595,130832  	37,626726 
1597,059648  	37,415009 
1598,988464  	37,319155 
1600,917280  	37,330944 
1602,846096  	37,493643 
1604,774912  	37,827418 
1606,703728  	38,322030 
1608,632544  	38,999947 
1610,561360  	39,763285 
1612,490176  	40,545068 
1614,418992  	41,175217 
1616,347808  	42,072352 
1618,276624  	43,151309 
1620,205440  	43,777123 
1622,134256  	44,405492 
1624,063072  	45,329056 
1625,991888  	45,989039 
1627,920704  	46,760520 
1629,849520  	47,571157 
1631,778336  	48,290508 
1633,707152  	48,976163 
1635,635968  	49,927248 
1637,564784  	50,908969 
1639,493600  	51,688827 
1641,422416  	52,442957 
1643,351232  	53,189103 
1645,280048  	53,856717 
1647,208864  	54,753828 
1649,137680  	55,415390 
1651,066496  	55,940745 
1652,995312  	56,729557 
1654,924128  	57,674904 
1656,852944  	58,239692 
1658,781760  	58,982222 
1660,710576  	59,711877 
1662,639392  	60,711491 
1664,568208  	61,595365 
1666,497024  	62,236060 
1668,425840  	62,855141 
1670,354656  	63,751553 
1672,283472  	64,246834 
1674,212288  	64,894430 
1676,141104  	65,857403 
1678,069920  	66,759945 
1679,998736  	67,654146 
1681,927552  	68,703560 
1683,856368  	69,989770 
1685,785184  	71,726144 
1687,714000  	72,479533 
1689,642816  	73,589042 
1691,571632  	74,585230 
1693,500448  	75,227542 
1695,429264  	75,888751 
1697,358080  	76,596828 
1699,286896  	77,067196 
1701,215712  	77,738958 
1703,144528  	78,094850 
1705,073344  	78,523549 
1707,002160  	78,950877 
1708,930976  	79,351597 
1710,859792  	79,730480 
1712,788608  	80,046616 
1714,717424  	80,311181 
1716,646240  	80,628610 
1718,575056  	80,903777 
1720,503872  	81,160795 
1722,432688  	81,395298 
1724,361504  	81,693763 
1726,290320  	81,934015 
1728,219136  	82,302559 
1730,147952  	82,683400 
1732,076768  	83,136640 
1734,005584  	83,688724 
1735,934400  	84,302024 
1737,863216  	84,756680 
1739,792032  	85,483541 
1741,720848  	86,190901 
1743,649664  	86,967549 
1745,578480  	87,690577 
1747,507296  	88,455247 
1749,436112  	89,200690 
1751,364928  	89,977428 
1753,293744  	90,593337 
1755,222560  	91,215168 
1757,151376  	91,788327 
1759,080192  	92,393605 
1761,009008  	92,858074 
1762,937824  	93,324304 
1764,866640  	93,769510 
1766,795456  	94,068672 
1768,724272  	94,278456 
1770,653088  	94,536552 
1772,581904  	94,737246 
1774,510720  	94,902504 
1776,439536  	95,027294 
1778,368352  	95,222764 
1780,297168  	95,381372 
1782,225984  	95,582046 
1784,154800  	95,713359 
1786,083616  	95,892028 
1788,012432  	96,035694 
1789,941248  	96,168317 
1791,870064  	96,273107 
1793,798880  	96,386900 
1795,727696  	96,412986 
1797,656512  	96,537694 
1799,585328  	96,609017 
1801,514144  	96,701571 
1803,442960  	96,755431 
1805,371776  	96,856615 
1807,300592  	96,842648 
1809,229408  	96,932947 
1811,158224  	96,990688 
1813,087040  	97,147501 
1815,015856  	97,129246 
1816,944672  	97,177818 
1818,873488  	97,147623 
1820,802304  	97,191442 
1822,731120  	97,179802 
1824,659936  	97,262139 
1826,588752  	97,256381 
1828,517568  	97,340617 
1830,446384  	97,352962 
1832,375200  	97,404294 
1834,304016  	97,411211 
1836,232832  	97,471672 
1838,161648  	97,413996 
1840,090464  	97,452783 
1842,019280  	97,445321 
1843,948096  	97,536683 
1845,876912  	97,525683 
1847,805728  	97,554426 
1849,734544  	97,568690 
1851,663360  	97,651456 
1853,592176  	97,586441 
1855,520992  	97,604634 
1857,449808  	97,468140 
1859,378624  	97,559666 
1861,307440  	97,578376 
1863,236256  	97,603687 
1865,165072  	97,544286 
1867,093888  	97,667907 
1869,022704  	97,713988 
1870,951520  	97,731543 
1872,880336  	97,578935 
1874,809152  	97,690985 
1876,737968  	97,712342 
1878,666784  	97,801309 
1880,595600  	97,767239 
1882,524416  	97,821403 
1884,453232  	97,715146 
1886,382048  	97,810814 
1888,310864  	97,782499 
1890,239680  	97,809753 
1892,168496  	97,757758 
1894,097312  	97,863279 
1896,026128  	97,818089 
1897,954944  	97,860374 
1899,883760  	97,790806 
1901,812576  	97,863492 
1903,741392  	97,907842 
1905,670208  	98,024657 
1907,599024  	97,984086 
1909,527840  	98,081277 
1911,456656  	98,098783 
1913,385472  	98,119592 
1915,314288  	97,996460 
1917,243104  	97,993210 
1919,171920  	97,863024 
1921,100736  	98,188639 
1923,029552  	98,251995 
1924,958368  	98,324949 
1926,887184  	98,207077 
1928,816000  	98,231882 
1930,744816  	98,114460 
1932,673632  	98,305522 
1934,602448  	98,337064 
1936,531264  	98,447555 
1938,460080  	98,396335 
1940,388896  	98,536861 
1942,317712  	98,513843 
1944,246528  	98,749742 
1946,175344  	98,706555 
1948,104160  	98,782811 
1950,032976  	98,666737 
1951,961792  	98,780645 
1953,890608  	98,804970 
1955,819424  	98,977028 
1957,748240  	99,044529 
1959,677056  	99,227648 
1961,605872  	99,181374 
1963,534688  	99,243028 
1965,463504  	99,177733 
1967,392320  	99,518787 
1969,321136  	99,318693 
1971,249952  	99,281673 
1973,178768  	98,968784 
1975,107584  	99,016529 
1977,036400  	99,062990 
1978,965216  	99,166778 
1980,894032  	99,057751 
1982,822848  	99,229126 
1984,751664  	98,946500 
1986,680480  	98,979155 
1988,609296  	99,027627 
1990,538112  	99,156238 
1992,466928  	99,028307 
1994,395744  	99,283347 
1996,324560  	99,282649 
1998,253376  	99,260824 
2000,182192  	99,135909 
2002,111008  	99,596762 
2004,039824  	99,700528 
2005,968640  	99,791679 
2007,897456  	99,350772 
2009,826272  	99,907744 
2011,755088  	99,870625 
2013,683904  	99,974489 
2015,612720  	99,911813 
2017,541536  	100,000000 
2019,470352  	99,774539 
2021,399168  	99,833923 
2023,327984  	99,394677 
2025,256800  	99,711798 
2027,185616  	99,512860 
2029,114432  	99,857576 
2031,043248  	99,848135 
2032,972064  	99,884355 
2034,900880  	99,327574 
2036,829696  	99,247551 
2038,758512  	98,714081 
2040,687328  	98,909628 
2042,616144  	98,662168 
2044,544960  	98,679673 
2046,473776  	98,650360 
2048,402592  	98,674592 
2050,331408  	98,229227 
2052,260224  	98,395580 
2054,189040  	98,247012 
2056,117856  	98,208002 
2058,046672  	98,134013 
2059,975488  	98,296796 
2061,904304  	97,977446 
2063,833120  	98,005305 
2065,761936  	98,002477 
2067,690752  	97,997801 
2069,619568  	97,696042 
2071,548384  	97,721078 
2073,477200  	97,621364 
2075,406016  	97,591376 
2077,334832  	97,437894 
2079,263648  	97,670819 
2081,192464  	97,613489 
2083,121280  	97,600307 
2085,050096  	97,396876 
2086,978912  	97,427026 
2088,907728  	97,397105 
2090,836544  	97,447713 
2092,765360  	97,413349 
2094,694176  	97,458406 
2096,622992  	97,332481 
2098,551808  	97,448521 
2100,480624  	97,488944 
2102,409440  	97,472940 
2104,338256  	97,265965 
2106,267072  	97,238249 
2108,195888  	97,079058 
2110,124704  	97,106521 
2112,053520  	97,032647 
2113,982336  	97,193934 
2115,911152  	97,202947 
2117,839968  	97,345440 
2119,768784  	97,307727 
2121,697600  	97,444238 
2123,626416  	97,527569 
2125,555232  	97,583457 
2127,484048  	97,593501 
2129,412864  	97,747179 
2131,341680  	97,866557 
2133,270496  	98,206005 
2135,199312  	98,171371 
2137,128128  	98,186940 
2139,056944  	98,148572 
2140,985760  	98,234322 
2142,914576  	98,259521 
2144,843392  	98,566376 
2146,772208  	98,555539 
2148,701024  	98,591175 
2150,629840  	98,369586 
2152,558656  	98,766429 
2154,487472  	98,892628 
2156,416288  	99,629918 
2158,345104  	99,801074 
2160,273920  	98,889304 
2162,202736  	98,090963 
2164,131552  	98,060117 
2166,060368  	97,805465 
2167,989184  	98,119234 
2169,918000  	97,795664 
2171,846816  	97,930478 
2173,775632  	98,050161 
2175,704448  	98,263446 
2177,633264  	98,150904 
2179,562080  	98,185184 
2181,490896  	97,861478 
2183,419712  	97,854213 
2185,348528  	97,694128 
2187,277344  	97,868078 
2189,206160  	97,765120 
2191,134976  	97,745462 
2193,063792  	97,632025 
2194,992608  	97,667067 
2196,921424  	97,452316 
2198,850240  	97,476534 
2200,779056  	97,403099 
2202,707872  	97,520460 
2204,636688  	97,540932 
2206,565504  	97,616729 
2208,494320  	97,331278 
2210,423136  	97,321341 
2212,351952  	97,389989 
2214,280768  	97,657058 
2216,209584  	97,443248 
2218,138400  	97,376519 
2220,067216  	97,359877 
2221,996032  	97,268246 
2223,924848  	97,173415 
2225,853664  	97,331345 
2227,782480  	97,245268 
2229,711296  	97,294333 
2231,640112  	97,305908 
2233,568928  	97,344575 
2235,497744  	97,136402 
2237,426560  	97,259406 
2239,355376  	97,201030 
2241,284192  	97,237119 
2243,213008  	97,121141 
2245,141824  	97,106228 
2247,070640  	96,964541 
2248,999456  	97,000571 
2250,928272  	96,922642 
2252,857088  	96,895451 
2254,785904  	96,856050 
2256,714720  	96,842207 
2258,643536  	96,732542 
2260,572352  	96,743421 
2262,501168  	96,701375 
2264,429984  	96,726697 
2266,358800  	96,629988 
2268,287616  	96,571697 
2270,216432  	96,568104 
2272,145248  	96,626738 
2274,074064  	96,544666 
2276,002880  	96,565350 
2277,931696  	96,545876 
2279,860512  	96,429064 
2281,789328  	96,318307 
2283,718144  	96,287700 
2285,646960  	96,267480 
2287,575776  	96,323900 
2289,504592  	96,294884 
2291,433408  	96,273722 
2293,362224  	96,241923 
2295,291040  	96,246945 
2297,219856  	96,194136 
2299,148672  	96,271177 
2301,077488  	96,239075 
2303,006304  	96,202516 
2304,935120  	96,215755 
2306,863936  	96,278577 
2308,792752  	96,136314 
2310,721568  	96,048171 
2312,650384  	95,981985 
2314,579200  	95,937920 
2316,508016  	95,777877 
2318,436832  	95,726412 
2320,365648  	95,585687 
2322,294464  	95,432221 
2324,223280  	95,337895 
2326,152096  	95,655562 
2328,080912  	95,848010 
2330,009728  	95,812593 
2331,938544  	95,585447 
2333,867360  	95,696443 
2335,796176  	95,856077 
2337,724992  	95,806556 
2339,653808  	95,637278 
2341,582624  	95,740850 
2343,511440  	95,740164 
2345,440256  	95,645634 
2347,369072  	95,622061 
2349,297888  	95,722112 
2351,226704  	95,598286 
2353,155520  	95,624225 
2355,084336  	95,647830 
2357,013152  	95,750813 
2358,941968  	95,706420 
2360,870784  	95,748594 
2362,799600  	95,589112 
2364,728416  	95,549871 
2366,657232  	95,464733 
2368,586048  	95,414872 
2370,514864  	95,396997 
2372,443680  	95,411020 
2374,372496  	95,366457 
2376,301312  	95,500051 
2378,230128  	95,527881 
2380,158944  	95,592598 
2382,087760  	95,604070 
2384,016576  	95,661447 
2385,945392  	95,644943 
2387,874208  	95,608631 
2389,803024  	95,556782 
2391,731840  	95,556350 
2393,660656  	95,518129 
2395,589472  	95,494477 
2397,518288  	95,435454 
2399,447104  	95,408796 
2401,375920  	95,378081 
2403,304736  	95,431447 
2405,233552  	95,451127 
2407,162368  	95,463827 
2409,091184  	95,364039 
2411,020000  	95,299350 
2412,948816  	95,267960 
2414,877632  	95,290714 
2416,806448  	95,233372 
2418,735264  	95,196285 
2420,664080  	95,140994 
2422,592896  	95,136187 
2424,521712  	95,095591 
2426,450528  	95,047352 
2428,379344  	94,987808 
2430,308160  	94,977407 
2432,236976  	94,950622 
2434,165792  	94,942930 
2436,094608  	94,892218 
2438,023424  	94,845580 
2439,952240  	94,771149 
2441,881056  	94,710592 
2443,809872  	94,649616 
2445,738688  	94,652627 
2447,667504  	94,581333 
2449,596320  	94,565574 
2451,525136  	94,544692 
2453,453952  	94,516572 
2455,382768  	94,434624 
2457,311584  	94,397260 
2459,240400  	94,363059 
2461,169216  	94,354770 
2463,098032  	94,277270 
2465,026848  	94,230940 
2466,955664  	94,225035 
2468,884480  	94,208827 
2470,813296  	94,161959 
2472,742112  	94,113127 
2474,670928  	93,991568 
2476,599744  	93,954356 
2478,528560  	93,939916 
2480,457376  	93,942525 
2482,386192  	93,903944 
2484,315008  	93,914738 
2486,243824  	93,779472 
2488,172640  	93,724392 
2490,101456  	93,696202 
2492,030272  	93,658094 
2493,959088  	93,590213 
2495,887904  	93,557846 
2497,816720  	93,466469 
2499,745536  	93,458456 
2501,674352  	93,430287 
2503,603168  	93,407447 
2505,531984  	93,350616 
2507,460800  	93,320725 
2509,389616  	93,235845 
2511,318432  	93,211883 
2513,247248  	93,170503 
2515,176064  	93,083338 
2517,104880  	92,996792 
2519,033696  	93,015732 
2520,962512  	93,026961 
2522,891328  	93,068786 
2524,820144  	92,982527 
2526,748960  	92,895151 
2528,677776  	92,867483 
2530,606592  	92,886821 
2532,535408  	92,811575 
2534,464224  	92,719114 
2536,393040  	92,650541 
2538,321856  	92,737594 
2540,250672  	92,729508 
2542,179488  	92,621431 
2544,108304  	92,536190 
2546,037120  	92,522396 
2547,965936  	92,462034 
2549,894752  	92,395571 
2551,823568  	92,294861 
2553,752384  	92,284646 
2555,681200  	92,212803 
2557,610016  	92,163715 
2559,538832  	92,111900 
2561,467648  	92,070120 
2563,396464  	92,009950 
2565,325280  	91,950670 
2567,254096  	91,864139 
2569,182912  	91,853563 
2571,111728  	91,856021 
2573,040544  	91,828688 
2574,969360  	91,739356 
2576,898176  	91,682700 
2578,826992  	91,586389 
2580,755808  	91,528252 
2582,684624  	91,475158 
2584,613440  	91,457043 
2586,542256  	91,370068 
2588,471072  	91,290975 
2590,399888  	91,191869 
2592,328704  	91,154010 
2594,257520  	91,121955 
2596,186336  	91,071036 
2598,115152  	90,979309 
2600,043968  	90,969040 
2601,972784  	90,897085 
2603,901600  	90,807006 
2605,830416  	90,737767 
2607,759232  	90,719087 
2609,688048  	90,617785 
2611,616864  	90,543660 
2613,545680  	90,455457 
2615,474496  	90,376910 
2617,403312  	90,333678 
2619,332128  	90,273005 
2621,260944  	90,182097 
2623,189760  	90,125165 
2625,118576  	90,075681 
2627,047392  	90,030539 
2628,976208  	89,940915 
2630,905024  	89,880442 
2632,833840  	89,778424 
2634,762656  	89,713472 
2636,691472  	89,631665 
2638,620288  	89,577519 
2640,549104  	89,497796 
2642,477920  	89,418499 
2644,406736  	89,338649 
2646,335552  	89,284261 
2648,264368  	89,221741 
2650,193184  	89,157023 
2652,122000  	89,067895 
2654,050816  	88,993935 
2655,979632  	88,921177 
2657,908448  	88,880584 
2659,837264  	88,815303 
2661,766080  	88,766972 
2663,694896  	88,707681 
2665,623712  	88,690646 
2667,552528  	88,652837 
2669,481344  	88,582573 
2671,410160  	88,474972 
2673,338976  	88,407197 
2675,267792  	88,344258 
2677,196608  	88,268633 
2679,125424  	88,172579 
2681,054240  	88,093714 
2682,983056  	88,035624 
2684,911872  	87,989476 
2686,840688  	87,906979 
2688,769504  	87,839916 
2690,698320  	87,774448 
2692,627136  	87,714850 
2694,555952  	87,608593 
2696,484768  	87,541064 
2698,413584  	87,468452 
2700,342400  	87,399250 
2702,271216  	87,303423 
2704,200032  	87,240519 
2706,128848  	87,178274 
2708,057664  	87,118377 
2709,986480  	87,061181 
2711,915296  	86,995980 
2713,844112  	86,896070 
2715,772928  	86,826139 
2717,701744  	86,754643 
2719,630560  	86,685019 
2721,559376  	86,608912 
2723,488192  	86,560345 
2725,417008  	86,507451 
2727,345824  	86,464062 
2729,274640  	86,397139 
2731,203456  	86,340944 
2733,132272  	86,299463 
2735,061088  	86,286551 
2736,989904  	86,250578 
2738,918720  	86,213829 
2740,847536  	86,170542 
2742,776352  	86,149021 
2744,705168  	86,111458 
2746,633984  	86,061685 
2748,562800  	86,019297 
2750,491616  	85,987487 
2752,420432  	85,955324 
2754,349248  	85,927235 
2756,278064  	85,875952 
2758,206880  	85,835880 
2760,135696  	85,762782 
2762,064512  	85,719501 
2763,993328  	85,681466 
2765,922144  	85,608388 
2767,850960  	85,511606 
2769,779776  	85,465880 
2771,708592  	85,418831 
2773,637408  	85,336722 
2775,566224  	85,231879 
2777,495040  	85,160542 
2779,423856  	85,072242 
2781,352672  	84,958162 
2783,281488  	84,836564 
2785,210304  	84,742518 
2787,139120  	84,671565 
2789,067936  	84,579038 
2790,996752  	84,446582 
2792,925568  	84,298478 
2794,854384  	84,141326 
2796,783200  	84,030783 
2798,712016  	83,921252 
2800,640832  	83,779176 
2802,569648  	83,589864 
2804,498464  	83,402035 
2806,427280  	83,205779 
2808,356096  	83,057391 
2810,284912  	82,881174 
2812,213728  	82,673681 
2814,142544  	82,473590 
2816,071360  	82,289555 
2818,000176  	82,081924 
2819,928992  	81,815106 
2821,857808  	81,573254 
2823,786624  	81,348731 
2825,715440  	81,044856 
2827,644256  	80,704691 
2829,573072  	80,342864 
2831,501888  	79,993924 
2833,430704  	79,605235 
2835,359520  	79,120838 
2837,288336  	78,535025 
2839,217152  	77,904794 
2841,145968  	77,166844 
2843,074784  	76,228662 
2845,003600  	75,063899 
2846,932416  	73,721422 
2848,861232  	72,511837 
2850,790048  	71,961789 
2852,718864  	71,924903 
2854,647680  	71,990927 
2856,576496  	72,096195 
2858,505312  	72,290728 
2860,434128  	72,488476 
2862,362944  	72,655241 
2864,291760  	72,739131 
2866,220576  	72,747171 
2868,149392  	72,661351 
2870,078208  	72,548133 
2872,007024  	72,468304 
2873,935840  	72,423415 
2875,864656  	72,395897 
2877,793472  	72,368949 
2879,722288  	72,357838 
2881,651104  	72,334456 
2883,579920  	72,262449 
2885,508736  	72,137288 
2887,437552  	71,929403 
2889,366368  	71,699741 
2891,295184  	71,458949 
2893,224000  	71,165379 
2895,152816  	70,848528 
2897,081632  	70,517765 
2899,010448  	70,145428 
2900,939264  	69,719134 
2902,868080  	69,255648 
2904,796896  	68,766391 
2906,725712  	68,191289 
2908,654528  	67,579721 
2910,583344  	66,837619 
2912,512160  	65,892172 
2914,440976  	64,862053 
2916,369792  	63,957286 
2918,298608  	63,385220 
2920,227424  	63,157773 
2922,156240  	63,127670 
2924,085056  	63,170770 
2926,013872  	63,286413 
2927,942688  	63,503154 
2929,871504  	63,794914 
2931,800320  	64,169028 
2933,729136  	64,665057 
2935,657952  	65,275617 
2937,586768  	65,922183 
2939,515584  	66,560341 
2941,444400  	67,188874 
2943,373216  	67,809730 
2945,302032  	68,326060 
2947,230848  	68,737188 
2949,159664  	69,062065 
2951,088480  	69,301282 
2953,017296  	69,477817 
2954,946112  	69,618258 
2956,874928  	69,742705 
2958,803744  	69,890909 
2960,732560  	70,081912 
2962,661376  	70,303987 
2964,590192  	70,528472 
2966,519008  	70,814949 
2968,447824  	71,179131 
2970,376640  	71,648337 
2972,305456  	72,136286 
2974,234272  	72,619910 
2976,163088  	73,116587 
2978,091904  	73,638589 
2980,020720  	74,132317 
2981,949536  	74,601223 
2983,878352  	75,037343 
2985,807168  	75,487769 
2987,735984  	75,896820 
2989,664800  	76,237019 
2991,593616  	76,509720 
2993,522432  	76,730722 
2995,451248  	76,900317 
2997,380064  	77,051644 
2999,308880  	77,130421 
3001,237696  	77,155215 
3003,166512  	77,121095 
3005,095328  	77,032469 
3007,024144  	76,947549 
3008,952960  	76,927545 
3010,881776  	76,897423 
3012,810592  	76,840391 
3014,739408  	76,809525 
3016,668224  	76,877595 
3018,597040  	76,923620 
3020,525856  	76,915176 
3022,454672  	76,825206 
3024,383488  	76,739895 
3026,312304  	76,689531 
3028,241120  	76,625078 
3030,169936  	76,540789 
3032,098752  	76,438847 
3034,027568  	76,333708 
3035,956384  	76,214753 
3037,885200  	76,110613 
3039,814016  	75,972428 
3041,742832  	75,818860 
3043,671648  	75,693949 
3045,600464  	75,516614 
3047,529280  	75,351775 
3049,458096  	75,222833 
3051,386912  	75,085241 
3053,315728  	74,901239 
3055,244544  	74,719635 
3057,173360  	74,576717 
3059,102176  	74,391679 
3061,030992  	74,212632 
3062,959808  	74,084709 
3064,888624  	73,910329 
3066,817440  	73,753639 
3068,746256  	73,609878 
3070,675072  	73,460069 
3072,603888  	73,328358 
3074,532704  	73,159171 
3076,461520  	72,995258 
3078,390336  	72,856749 
3080,319152  	72,710305 
3082,247968  	72,530350 
3084,176784  	72,337295 
3086,105600  	72,191375 
3088,034416  	72,059771 
3089,963232  	71,950711 
3091,892048  	71,794857 
3093,820864  	71,638945 
3095,749680  	71,502781 
3097,678496  	71,344341 
3099,607312  	71,194309 
3101,536128  	71,045730 
3103,464944  	70,877445 
3105,393760  	70,685617 
3107,322576  	70,539552 
3109,251392  	70,438466 
3111,180208  	70,252272 
3113,109024  	70,041043 
3115,037840  	69,925723 
3116,966656  	69,770216 
3118,895472  	69,573196 
3120,824288  	69,395338 
3122,753104  	69,166043 
3124,681920  	68,951593 
3126,610736  	68,767835 
3128,539552  	68,598889 
3130,468368  	68,447925 
3132,397184  	68,300824 
3134,326000  	68,109914 
3136,254816  	67,934028 
3138,183632  	67,789883 
3140,112448  	67,586535 
3142,041264  	67,384889 
3143,970080  	67,215883 
3145,898896  	67,009692 
3147,827712  	66,804962 
3149,756528  	66,629260 
3151,685344  	66,473266 
3153,614160  	66,308063 
3155,542976  	66,132753 
3157,471792  	65,938145 
3159,400608  	65,740904 
3161,329424  	65,582404 
3163,258240  	65,434629 
3165,187056  	65,284488 
3167,115872  	65,130983 
3169,044688  	64,910037 
3170,973504  	64,735219 
3172,902320  	64,563354 
3174,831136  	64,397170 
3176,759952  	64,249645 
3178,688768  	64,079748 
3180,617584  	63,907511 
3182,546400  	63,813293 
3184,475216  	63,671755 
3186,404032  	63,481240 
3188,332848  	63,350425 
3190,261664  	63,219762 
3192,190480  	63,112965 
3194,119296  	63,002595 
3196,048112  	62,861414 
3197,976928  	62,709824 
3199,905744  	62,600478 
3201,834560  	62,497775 
3203,763376  	62,368037 
3205,692192  	62,297307 
3207,621008  	62,225445 
3209,549824  	62,122243 
3211,478640  	62,024126 
3213,407456  	61,939375 
3215,336272  	61,851982 
3217,265088  	61,788788 
3219,193904  	61,744402 
3221,122720  	61,690399 
3223,051536  	61,607360 
3224,980352  	61,532671 
3226,909168  	61,451971 
3228,837984  	61,343663 
3230,766800  	61,317526 
3232,695616  	61,289593 
3234,624432  	61,238334 
3236,553248  	61,180289 
3238,482064  	61,094237 
3240,410880  	61,011897 
3242,339696  	60,986202 
3244,268512  	60,947351 
3246,197328  	60,894273 
3248,126144  	60,826573 
3250,054960  	60,760852 
3251,983776  	60,686120 
3253,912592  	60,633559 
3255,841408  	60,635023 
3257,770224  	60,597362 
3259,699040  	60,494762 
3261,627856  	60,412900 
3263,556672  	60,357155 
3265,485488  	60,299778 
3267,414304  	60,265773 
3269,343120  	60,269970 
3271,271936  	60,274741 
3273,200752  	60,263851 
3275,129568  	60,240734 
3277,058384  	60,213847 
3278,987200  	60,242405 
3280,916016  	60,231845 
3282,844832  	60,227134 
3284,773648  	60,205770 
3286,702464  	60,204321 
3288,631280  	60,222204 
3290,560096  	60,244086 
3292,488912  	60,299709 
3294,417728  	60,310639 
3296,346544  	60,303514 
3298,275360  	60,349804 
3300,204176  	60,394205 
3302,132992  	60,353552 
3304,061808  	60,368139 
3305,990624  	60,424972 
3307,919440  	60,450443 
3309,848256  	60,415769 
3311,777072  	60,395078 
3313,705888  	60,453063 
3315,634704  	60,482404 
3317,563520  	60,488967 
3319,492336  	60,543009 
3321,421152  	60,598202 
3323,349968  	60,650032 
3325,278784  	60,748904 
3327,207600  	60,787936 
3329,136416  	60,755497 
3331,065232  	60,776326 
3332,994048  	60,809260 
3334,922864  	60,847688 
3336,851680  	60,951782 
3338,780496  	61,003729 
3340,709312  	61,044346 
3342,638128  	61,099905 
3344,566944  	61,150183 
3346,495760  	61,229177 
3348,424576  	61,295985 
3350,353392  	61,355272 
3352,282208  	61,419223 
3354,211024  	61,477592 
3356,139840  	61,578145 
3358,068656  	61,665266 
3359,997472  	61,778695 
3361,926288  	61,930938 
3363,855104  	62,041454 
3365,783920  	62,118019 
3367,712736  	62,198993 
3369,641552  	62,351535 
3371,570368  	62,516058 
3373,499184  	62,629903 
3375,428000  	62,746093 
3377,356816  	62,853239 
3379,285632  	62,996267 
3381,214448  	63,177213 
3383,143264  	63,350667 
3385,072080  	63,497388 
3387,000896  	63,655702 
3388,929712  	63,753725 
3390,858528  	63,921232 
3392,787344  	64,098204 
3394,716160  	64,266054 
3396,644976  	64,441142 
3398,573792  	64,657869 
3400,502608  	64,831284 
3402,431424  	65,025727 
3404,360240  	65,165297 
3406,289056  	65,374550 
3408,217872  	65,608082 
3410,146688  	65,811992 
3412,075504  	65,936932 
3414,004320  	66,131106 
3415,933136  	66,397563 
3417,861952  	66,580365 
3419,790768  	66,769621 
3421,719584  	67,057969 
3423,648400  	67,275366 
3425,577216  	67,478726 
3427,506032  	67,719162 
3429,434848  	67,973420 
3431,363664  	68,170182 
3433,292480  	68,385599 
3435,221296  	68,605652 
3437,150112  	68,872804 
3439,078928  	69,126475 
3441,007744  	69,379683 
3442,936560  	69,600908 
3444,865376  	69,834663 
3446,794192  	70,104956 
3448,723008  	70,416961 
3450,651824  	70,670827 
3452,580640  	70,934606 
3454,509456  	71,167997 
3456,438272  	71,454795 
3458,367088  	71,710716 
3460,295904  	71,977020 
3462,224720  	72,256402 
3464,153536  	72,544063 
3466,082352  	72,782909 
3468,011168  	73,056355 
3469,939984  	73,288233 
3471,868800  	73,604638 
3473,797616  	73,936015 
3475,726432  	74,228175 
3477,655248  	74,490090 
3479,584064  	74,730207 
3481,512880  	75,041223 
3483,441696  	75,421825 
3485,370512  	75,664541 
3487,299328  	75,983281 
3489,228144  	76,247432 
3491,156960  	76,447977 
3493,085776  	76,719699 
3495,014592  	77,069588 
3496,943408  	77,392971 
3498,872224  	77,668855 
3500,801040  	77,860578 
3502,729856  	78,190653 
3504,658672  	78,539247 
3506,587488  	78,820793 
3508,516304  	79,144837 
3510,445120  	79,425228 
3512,373936  	79,626395 
3514,302752  	79,940091 
3516,231568  	80,242520 
3518,160384  	80,591198 
3520,089200  	80,855992 
3522,018016  	81,128590 
3523,946832  	81,457563 
3525,875648  	81,815211 
3527,804464  	82,133522 
3529,733280  	82,426568 
3531,662096  	82,612250 
3533,590912  	82,823792 
3535,519728  	83,060689 
3537,448544  	83,389069 
3539,377360  	83,655837 
3541,306176  	83,917808 
3543,234992  	84,151059 
3545,163808  	84,500426 
3547,092624  	84,843266 
3549,021440  	85,177078 
3550,950256  	85,436968 
3552,879072  	85,699655 
3554,807888  	85,951719 
3556,736704  	86,306237 
3558,665520  	86,602272 
3560,594336  	86,857283 
3562,523152  	87,185372 
3564,451968  	87,536182 
3566,380784  	87,778471 
3568,309600  	88,064958 
3570,238416  	88,365181 
3572,167232  	88,673624 
3574,096048  	88,871517 
3576,024864  	89,163520 
3577,953680  	89,433193 
3579,882496  	89,684623 
3581,811312  	89,928437 
3583,740128  	90,165452 
3585,668944  	90,335021 
3587,597760  	90,625187 
3589,526576  	90,894368 
3591,455392  	91,098142 
3593,384208  	91,362936 
3595,313024  	91,706410 
3597,241840  	91,838008 
3599,170656  	92,031726 
3601,099472  	92,310462 
3603,028288  	92,609810 
3604,957104  	92,778002 
3606,885920  	92,896631 
3608,814736  	93,075163 
3610,743552  	93,368901 
3612,672368  	93,553802 
3614,601184  	93,752454 
3616,530000  	93,866025 
3618,458816  	94,068755 
3620,387632  	94,364075 
3622,316448  	94,584558 
3624,245264  	94,748865 
3626,174080  	94,975800 
3628,102896  	95,068033 
3630,031712  	95,236267 
3631,960528  	95,450436 
3633,889344  	95,685509 
3635,818160  	95,848074 
3637,746976  	95,986599 
3639,675792  	96,144247 
3641,604608  	96,264584 
3643,533424  	96,362741 
3645,462240  	96,491069 
3647,391056  	96,566231 
3649,319872  	96,760782 
3651,248688  	96,922862 
3653,177504  	97,078841 
3655,106320  	97,175132 
3657,035136  	97,273524 
3658,963952  	97,396613 
3660,892768  	97,532895 
3662,821584  	97,638593 
3664,750400  	97,696399 
3666,679216  	97,759068 
3668,608032  	97,842544 
3670,536848  	97,897311 
3672,465664  	98,006768 
3674,394480  	97,993431 
3676,323296  	98,014679 
3678,252112  	98,139313 
3680,180928  	98,184380 
3682,109744  	98,229911 
3684,038560  	98,303140 
3685,967376  	98,324526 
3687,896192  	98,357591 
3689,825008  	98,386147 
3691,753824  	98,396391 
3693,682640  	98,393357 
3695,611456  	98,391167 
3697,540272  	98,433662 
3699,469088  	98,539210 
3701,397904  	98,551027 
3703,326720  	98,522100 
3705,255536  	98,521372 
3707,184352  	98,540327 
3709,113168  	98,605804 
3711,041984  	98,615283 
3712,970800  	98,589886 
3714,899616  	98,629213 
3716,828432  	98,658912 
3718,757248  	98,670841 
3720,686064  	98,638625 
3722,614880  	98,648703 
3724,543696  	98,674234 
3726,472512  	98,668373 
3728,401328  	98,645737 
3730,330144  	98,670686 
3732,258960  	98,708728 
3734,187776  	98,735459 
3736,116592  	98,694306 
3738,045408  	98,649420 
3739,974224  	98,656142 
3741,903040  	98,699421 
3743,831856  	98,679266 
3745,760672  	98,687857 
3747,689488  	98,744688 
3749,618304  	98,730509 
3751,547120  	98,673349 
3753,475936  	98,695810 
3755,404752  	98,754459 
3757,333568  	98,762579 
3759,262384  	98,723108 
3761,191200  	98,734005 
3763,120016  	98,743542 
3765,048832  	98,732102 
3766,977648  	98,737636 
3768,906464  	98,757587 
3770,835280  	98,739294 
3772,764096  	98,765731 
3774,692912  	98,768973 
3776,621728  	98,780683 
3778,550544  	98,765815 
3780,479360  	98,761724 
3782,408176  	98,774120 
3784,336992  	98,757224 
3786,265808  	98,732235 
3788,194624  	98,739008 
3790,123440  	98,757973 
3792,052256  	98,779413 
3793,981072  	98,782441 
3795,909888  	98,786946 
3797,838704  	98,791049 
3799,767520  	98,805329 
3801,696336  	98,771413 
3803,625152  	98,769184 
3805,553968  	98,754068 
3807,482784  	98,739637 
3809,411600  	98,770135 
3811,340416  	98,759564 
3813,269232  	98,760937 
3815,198048  	98,690117 
3817,126864  	98,713917 
3819,055680  	98,853844 
3820,984496  	98,718332 
3822,913312  	98,712094 
3824,842128  	98,791955 
3826,770944  	98,739062 
3828,699760  	98,743636 
3830,628576  	98,777892 
3832,557392  	98,784170 
3834,486208  	98,809353 
3836,415024  	98,821057 
3838,343840  	98,784022 
3840,272656  	98,737959 
3842,201472  	98,753341 
3844,130288  	98,738671 
3846,059104  	98,726565 
3847,987920  	98,740703 
3849,916736  	98,791695 
3851,845552  	98,862586 
3853,774368  	98,840572 
3855,703184  	98,737564 
3857,632000  	98,718874 
3859,560816  	98,712888 
3861,489632  	98,707056 
3863,418448  	98,718401 
3865,347264  	98,714752 
3867,276080  	98,825162 
3869,204896  	98,854443 
3871,133712  	98,800073 
3873,062528  	98,772703 
3874,991344  	98,721831 
3876,920160  	98,810288 
3878,848976  	98,811080 
3880,777792  	98,764178 
3882,706608  	98,789628 
3884,635424  	98,757179 
3886,564240  	98,688927 
3888,493056  	98,743319 
3890,421872  	98,715396 
3892,350688  	98,691219 
3894,279504  	98,715508 
3896,208320  	98,741290 
3898,137136  	98,706777 
3900,065952  	98,679439 
3901,994768  	98,669521 
3903,923584  	98,697086 
3905,852400  	98,720180 
3907,781216  	98,699931 
3909,710032  	98,649579 
3911,638848  	98,666190 
3913,567664  	98,707695 
3915,496480  	98,698496 
3917,425296  	98,667834 
3919,354112  	98,664397 
3921,282928  	98,668083 
3923,211744  	98,664330 
3925,140560  	98,663972 
3927,069376  	98,682113 
3928,998192  	98,686242 
3930,927008  	98,675714 
3932,855824  	98,664654 
3934,784640  	98,661245 
3936,713456  	98,688285 
3938,642272  	98,691678 
3940,571088  	98,668134 
3942,499904  	98,676062 
3944,428720  	98,691706 
3946,357536  	98,719871 
3948,286352  	98,725684 
3950,215168  	98,725174 
3952,143984  	98,729280 
3954,072800  	98,737635 
3956,001616  	98,701987 
3957,930432  	98,693347 
3959,859248  	98,709318 
3961,788064  	98,680567 
3963,716880  	98,643013 
3965,645696  	98,651787 
3967,574512  	98,664584 
3969,503328  	98,663731 
3971,432144  	98,680958 
3973,360960  	98,670777 
3975,289776  	98,623027 
3977,218592  	98,613142 
3979,147408  	98,628690 
3981,076224  	98,668495 
3983,005040  	98,662434 
3984,933856  	98,644442 
3986,862672  	98,648927 
3988,791488  	98,624025 
3990,720304  	98,585411 
3992,649120  	98,611196 
3994,577936  	98,627175 
3996,506752  	98,624670 
3998,435568  	98,608174 
4000,364384  	98,641559 