599,861776  	11,556396 
601,790592  	12,088843 
603,719408  	12,331455 
605,648224  	12,553264 
607,577040  	12,736472 
609,505856  	13,010754 
611,434672  	13,450721 
613,363488  	13,868143 
615,292304  	13,963368 
617,221120  	14,123469 
619,149936  	14,313934 
621,078752  	14,495384 
623,007568  	14,736498 
624,936384  	14,986633 
626,865200  	15,204781 
628,794016  	15,498773 
630,722832  	15,685086 
632,651648  	16,058827 
634,580464  	16,431126 
636,509280  	16,954363 
638,438096  	17,490110 
640,366912  	18,018462 
642,295728  	18,454366 
644,224544  	19,069006 
646,153360  	19,672201 
648,082176  	20,186896 
650,010992  	20,587668 
651,939808  	20,857816 
653,868624  	21,161984 
655,797440  	21,582635 
657,726256  	21,811695 
659,655072  	22,077904 
661,583888  	22,235124 
663,512704  	22,314079 
665,441520  	22,401703 
667,370336  	22,779790 
669,299152  	23,478150 
671,227968  	23,647964 
673,156784  	23,862657 
675,085600  	24,326000 
677,014416  	24,775499 
678,943232  	25,113830 
680,872048  	25,288839 
682,800864  	25,547151 
684,729680  	25,776397 
686,658496  	25,984505 
688,587312  	26,181256 
690,516128  	26,382944 
692,444944  	26,682312 
694,373760  	27,005140 
696,302576  	27,350008 
698,231392  	27,683107 
700,160208  	27,900211 
702,089024  	28,172037 
704,017840  	28,534626 
705,946656  	28,951097 
707,875472  	29,284661 
709,804288  	29,529650 
711,733104  	29,821969 
713,661920  	30,206329 
715,590736  	30,671910 
717,519552  	31,186212 
719,448368  	31,749871 
721,377184  	32,347092 
723,306000  	32,793078 
725,234816  	33,266121 
727,163632  	33,757722 
729,092448  	34,217535 
731,021264  	34,627850 
732,950080  	35,122821 
734,878896  	35,604846 
736,807712  	36,083896 
738,736528  	36,557851 
740,665344  	37,018872 
742,594160  	37,400819 
744,522976  	37,879279 
746,451792  	38,368709 
748,380608  	38,805645 
750,309424  	39,279614 
752,238240  	39,720937 
754,167056  	40,003408 
756,095872  	40,169895 
758,024688  	40,336749 
759,953504  	40,536798 
761,882320  	40,648724 
763,811136  	40,718466 
765,739952  	40,775228 
767,668768  	40,875564 
769,597584  	41,056116 
771,526400  	41,223779 
773,455216  	41,403117 
775,384032  	41,636969 
777,312848  	41,945503 
779,241664  	42,303570 
781,170480  	42,652231 
783,099296  	43,068290 
785,028112  	43,501259 
786,956928  	43,978736 
788,885744  	44,527019 
790,814560  	44,928222 
792,743376  	45,221304 
794,672192  	45,540575 
796,601008  	45,812993 
798,529824  	45,931976 
800,458640  	45,970983 
802,387456  	46,054566 
804,316272  	46,134607 
806,245088  	46,156798 
808,173904  	46,125809 
810,102720  	46,048080 
812,031536  	45,902683 
813,960352  	45,743798 
815,889168  	45,717089 
817,817984  	45,836323 
819,746800  	46,090721 
821,675616  	46,449154 
823,604432  	46,786572 
825,533248  	47,134954 
827,462064  	47,472701 
829,390880  	47,815431 
831,319696  	48,146342 
833,248512  	48,479915 
835,177328  	48,955564 
837,106144  	49,647326 
839,034960  	50,383963 
840,963776  	51,186386 
842,892592  	51,968205 
844,821408  	52,707032 
846,750224  	53,485219 
848,679040  	54,130592 
850,607856  	54,637452 
852,536672  	55,063590 
854,465488  	55,425487 
856,394304  	55,666245 
858,323120  	55,797638 
860,251936  	55,857803 
862,180752  	55,985393 
864,109568  	56,164325 
866,038384  	56,406303 
867,967200  	56,687933 
869,896016  	56,890458 
871,824832  	56,993493 
873,753648  	57,156550 
875,682464  	57,331685 
877,611280  	57,435525 
879,540096  	57,512098 
881,468912  	57,541678 
883,397728  	57,653892 
885,326544  	57,926584 
887,255360  	58,235854 
889,184176  	58,448754 
891,112992  	58,649051 
893,041808  	58,946520 
894,970624  	59,321305 
896,899440  	59,701516 
898,828256  	60,021150 
900,757072  	60,297953 
902,685888  	60,545664 
904,614704  	60,667808 
906,543520  	60,717115 
908,472336  	60,700519 
910,401152  	60,559071 
912,329968  	60,286994 
914,258784  	59,899467 
916,187600  	59,583762 
918,116416  	59,377485 
920,045232  	59,235551 
921,974048  	59,174792 
923,902864  	59,270141 
925,831680  	59,431928 
927,760496  	59,589688 
929,689312  	59,749380 
931,618128  	59,918380 
933,546944  	59,987196 
935,475760  	60,037915 
937,404576  	60,025449 
939,333392  	59,881447 
941,262208  	59,623055 
943,191024  	59,356577 
945,119840  	59,128588 
947,048656  	58,914491 
948,977472  	58,616506 
950,906288  	58,204741 
952,835104  	57,606506 
954,763920  	56,874100 
956,692736  	56,049193 
958,621552  	55,128086 
960,550368  	54,172192 
962,479184  	53,214026 
964,408000  	52,141871 
966,336816  	50,956892 
968,265632  	49,673697 
970,194448  	48,199536 
972,123264  	46,459758 
974,052080  	44,584075 
975,980896  	42,633502 
977,909712  	40,568520 
979,838528  	38,441813 
981,767344  	36,407621 
983,696160  	34,464061 
985,624976  	32,626228 
987,553792  	30,946390 
989,482608  	29,494591 
991,411424  	28,352461 
993,340240  	27,355270 
995,269056  	26,451167 
997,197872  	25,568906 
999,126688  	24,655559 
1001,055504  	23,601377 
1002,984320  	22,376546 
1004,913136  	21,001243 
1006,841952  	19,590089 
1008,770768  	18,230161 
1010,699584  	16,935091 
1012,628400  	15,776629 
1014,557216  	14,859188 
1016,486032  	14,069756 
1018,414848  	13,432705 
1020,343664  	12,858236 
1022,272480  	12,321831 
1024,201296  	11,712941 
1026,130112  	11,127774 
1028,058928  	10,594123 
1029,987744  	10,231204 
1031,916560  	10,019199 
1033,845376  	10,000000 
1035,774192  	10,072425 
1037,703008  	10,202039 
1039,631824  	10,245807 
1041,560640  	10,348137 
1043,489456  	10,443991 
1045,418272  	10,691712 
1047,347088  	11,020769 
1049,275904  	11,487986 
1051,204720  	11,909870 
1053,133536  	12,282569 
1055,062352  	12,505378 
1056,991168  	12,629834 
1058,919984  	12,641736 
1060,848800  	12,704808 
1062,777616  	12,760284 
1064,706432  	12,844703 
1066,635248  	12,898169 
1068,564064  	13,045681 
1070,492880  	13,298607 
1072,421696  	13,819426 
1074,350512  	14,576669 
1076,279328  	15,835945 
1078,208144  	17,441937 
1080,136960  	19,328075 
1082,065776  	21,278225 
1083,994592  	23,208799 
1085,923408  	24,917442 
1087,852224  	26,386890 
1089,781040  	27,551801 
1091,709856  	28,473725 
1093,638672  	29,186790 
1095,567488  	29,843186 
1097,496304  	30,473694 
1099,425120  	31,230961 
1101,353936  	32,074815 
1103,282752  	33,069963 
1105,211568  	34,185765 
1107,140384  	35,379674 
1109,069200  	36,499539 
1110,998016  	37,537593 
1112,926832  	38,414739 
1114,855648  	39,231356 
1116,784464  	40,051934 
1118,713280  	40,872773 
1120,642096  	41,649503 
1122,570912  	42,475488 
1124,499728  	43,293984 
1126,428544  	44,090991 
1128,357360  	44,850482 
1130,286176  	45,602408 
1132,214992  	46,324463 
1134,143808  	46,977695 
1136,072624  	47,538497 
1138,001440  	47,993073 
1139,930256  	48,313312 
1141,859072  	48,588229 
1143,787888  	48,831434 
1145,716704  	49,070783 
1147,645520  	49,291006 
1149,574336  	49,505892 
1151,503152  	49,680993 
1153,431968  	49,790800 
1155,360784  	49,808501 
1157,289600  	49,779068 
1159,218416  	49,683768 
1161,147232  	49,548314 
1163,076048  	49,373336 
1165,004864  	49,210724 
1166,933680  	49,080639 
1168,862496  	49,033616 
1170,791312  	49,170681 
1172,720128  	49,533290 
1174,648944  	50,056830 
1176,577760  	50,719903 
1178,506576  	51,403824 
1180,435392  	51,993647 
1182,364208  	52,461715 
1184,293024  	52,785024 
1186,221840  	52,892670 
1188,150656  	52,801653 
1190,079472  	52,549801 
1192,008288  	52,184902 
1193,937104  	51,784308 
1195,865920  	51,443991 
1197,794736  	51,214541 
1199,723552  	51,109161 
1201,652368  	51,152549 
1203,581184  	51,368334 
1205,510000  	51,773192 
1207,438816  	52,281020 
1209,367632  	52,807487 
1211,296448  	53,317133 
1213,225264  	53,777901 
1215,154080  	54,096573 
1217,082896  	54,253590 
1219,011712  	54,235795 
1220,940528  	54,073838 
1222,869344  	53,802028 
1224,798160  	53,414581 
1226,726976  	52,957980 
1228,655792  	52,489914 
1230,584608  	52,038928 
1232,513424  	51,583077 
1234,442240  	51,125970 
1236,371056  	50,662491 
1238,299872  	50,187863 
1240,228688  	49,702600 
1242,157504  	49,211966 
1244,086320  	48,696765 
1246,015136  	48,173107 
1247,943952  	47,643456 
1249,872768  	47,138544 
1251,801584  	46,649156 
1253,730400  	46,221324 
1255,659216  	45,878588 
1257,588032  	45,652234 
1259,516848  	45,601799 
1261,445664  	45,790338 
1263,374480  	46,163704 
1265,303296  	46,663124 
1267,232112  	47,165125 
1269,160928  	47,624604 
1271,089744  	48,024633 
1273,018560  	48,401936 
1274,947376  	48,743987 
1276,876192  	49,086941 
1278,805008  	49,406308 
1280,733824  	49,761681 
1282,662640  	50,132721 
1284,591456  	50,489877 
1286,520272  	50,861272 
1288,449088  	51,238225 
1290,377904  	51,558108 
1292,306720  	51,806454 
1294,235536  	51,976108 
1296,164352  	52,084394 
1298,093168  	52,172795 
1300,021984  	52,307550 
1301,950800  	52,519551 
1303,879616  	52,781086 
1305,808432  	52,937235 
1307,737248  	53,058788 
1309,666064  	53,275349 
1311,594880  	53,334978 
1313,523696  	53,399004 
1315,452512  	53,452481 
1317,381328  	53,500883 
1319,310144  	53,552689 
1321,238960  	53,604747 
1323,167776  	53,623044 
1325,096592  	53,582026 
1327,025408  	53,391944 
1328,954224  	53,071781 
1330,883040  	52,747598 
1332,811856  	52,412030 
1334,740672  	52,131687 
1336,669488  	51,867977 
1338,598304  	51,637361 
1340,527120  	51,425248 
1342,455936  	51,203303 
1344,384752  	50,955408 
1346,313568  	50,747660 
1348,242384  	50,526993 
1350,171200  	50,334378 
1352,100016  	50,130551 
1354,028832  	49,965436 
1355,957648  	49,795545 
1357,886464  	49,609405 
1359,815280  	49,391202 
1361,744096  	49,155054 
1363,672912  	48,883374 
1365,601728  	48,665636 
1367,530544  	48,456767 
1369,459360  	48,293311 
1371,388176  	48,134014 
1373,316992  	48,050336 
1375,245808  	48,018642 
1377,174624  	48,060206 
1379,103440  	48,128691 
1381,032256  	48,220774 
1382,961072  	48,265865 
1384,889888  	48,275460 
1386,818704  	48,198672 
1388,747520  	48,134330 
1390,676336  	47,982268 
1392,605152  	47,775975 
1394,533968  	47,521759 
1396,462784  	47,328023 
1398,391600  	47,128278 
1400,320416  	47,022373 
1402,249232  	46,917828 
1404,178048  	46,876880 
1406,106864  	46,892535 
1408,035680  	46,994486 
1409,964496  	47,102956 
1411,893312  	47,326294 
1413,822128  	47,555104 
1415,750944  	47,815862 
1417,679760  	48,072402 
1419,608576  	48,644186 
1421,537392  	49,091002 
1423,466208  	49,513968 
1425,395024  	50,027816 
1427,323840  	50,446097 
1429,252656  	50,832622 
1431,181472  	51,296752 
1433,110288  	51,559459 
1435,039104  	51,714970 
1436,967920  	51,932244 
1438,896736  	52,168897 
1440,825552  	52,276484 
1442,754368  	52,500756 
1444,683184  	52,732925 
1446,612000  	53,108190 
1448,540816  	53,686168 
1450,469632  	54,348337 
1452,398448  	55,002692 
1454,327264  	55,700162 
1456,256080  	56,524543 
1458,184896  	58,135920 
1460,113712  	59,201244 
1462,042528  	60,070226 
1463,971344  	61,054150 
1465,900160  	62,460530 
1467,828976  	63,631478 
1469,757792  	64,661748 
1471,686608  	65,738312 
1473,615424  	67,108701 
1475,544240  	68,062845 
1477,473056  	68,876173 
1479,401872  	69,397435 
1481,330688  	69,775036 
1483,259504  	69,953401 
1485,188320  	69,805876 
1487,117136  	69,571631 
1489,045952  	69,276250 
1490,974768  	68,901750 
1492,903584  	68,505695 
1494,832400  	68,132487 
1496,761216  	67,729329 
1498,690032  	67,408912 
1500,618848  	67,139355 
1502,547664  	66,888902 
1504,476480  	66,623656 
1506,405296  	66,326904 
1508,334112  	65,660825 
1510,262928  	64,973319 
1512,191744  	64,117613 
1514,120560  	63,407607 
1516,049376  	63,088608 
1517,978192  	63,342174 
1519,907008  	63,575269 
1521,835824  	64,061913 
1523,764640  	64,196479 
1525,693456  	64,171184 
1527,622272  	63,976555 
1529,551088  	63,799192 
1531,479904  	63,268181 
1533,408720  	62,757913 
1535,337536  	62,294523 
1537,266352  	61,965476 
1539,195168  	61,390986 
1541,123984  	60,722999 
1543,052800  	59,985292 
1544,981616  	59,300476 
1546,910432  	58,468680 
1548,839248  	57,709073 
1550,768064  	56,727312 
1552,696880  	55,951619 
1554,625696  	54,994480 
1556,554512  	54,147986 
1558,483328  	53,223482 
1560,412144  	52,135604 
1562,340960  	51,340593 
1564,269776  	50,525735 
1566,198592  	49,580122 
1568,127408  	48,572007 
1570,056224  	47,446845 
1571,985040  	46,383831 
1573,913856  	45,381789 
1575,842672  	44,369036 
1577,771488  	43,310733 
1579,700304  	42,426518 
1581,629120  	41,473332 
1583,557936  	40,504211 
1585,486752  	39,492991 
1587,415568  	38,496393 
1589,344384  	37,451163 
1591,273200  	36,503915 
1593,202016  	35,614203 
1595,130832  	34,933474 
1597,059648  	34,385598 
1598,988464  	34,118242 
1600,917280  	34,067060 
1602,846096  	34,315847 
1604,774912  	34,759143 
1606,703728  	35,407004 
1608,632544  	36,187557 
1610,561360  	37,000622 
1612,490176  	37,721611 
1614,418992  	38,274221 
1616,347808  	38,982998 
1618,276624  	39,846746 
1620,205440  	40,297063 
1622,134256  	40,718396 
1624,063072  	41,451064 
1625,991888  	42,017879 
1627,920704  	42,679164 
1629,849520  	43,480339 
1631,778336  	44,220180 
1633,707152  	44,814085 
1635,635968  	45,946654 
1637,564784  	47,212670 
1639,493600  	48,076505 
1641,422416  	49,000094 
1643,351232  	49,922316 
1645,280048  	50,732509 
1647,208864  	52,223275 
1649,137680  	53,352395 
1651,066496  	53,932797 
1652,995312  	55,162357 
1654,924128  	57,293038 
1656,852944  	58,278978 
1658,781760  	59,651302 
1660,710576  	60,854393 
1662,639392  	62,242680 
1664,568208  	63,970865 
1666,497024  	65,262250 
1668,425840  	66,476573 
1670,354656  	68,116441 
1672,283472  	69,160304 
1674,212288  	70,092649 
1676,141104  	71,282243 
1678,069920  	72,228850 
1679,998736  	72,985991 
1681,927552  	73,777904 
1683,856368  	74,639554 
1685,785184  	75,917084 
1687,714000  	76,505255 
1689,642816  	77,419699 
1691,571632  	78,298992 
1693,500448  	78,714690 
1695,429264  	79,134345 
1697,358080  	79,624308 
1699,286896  	79,938197 
1701,215712  	80,403554 
1703,144528  	80,647047 
1705,073344  	80,937110 
1707,002160  	81,193491 
1708,930976  	81,469032 
1710,859792  	81,720958 
1712,788608  	81,975483 
1714,717424  	82,182814 
1716,646240  	82,464223 
1718,575056  	82,751641 
1720,503872  	83,025780 
1722,432688  	83,262849 
1724,361504  	83,591817 
1726,290320  	83,887235 
1728,219136  	84,291208 
1730,147952  	84,691150 
1732,076768  	85,140108 
1734,005584  	85,653927 
1735,934400  	86,263638 
1737,863216  	86,687363 
1739,792032  	87,247037 
1741,720848  	87,803874 
1743,649664  	88,398520 
1745,578480  	88,918637 
1747,507296  	89,503383 
1749,436112  	90,076502 
1751,364928  	90,703379 
1753,293744  	91,225182 
1755,222560  	91,734402 
1757,151376  	92,218506 
1759,080192  	92,701196 
1761,009008  	93,106527 
1762,937824  	93,565719 
1764,866640  	93,927174 
1766,795456  	94,091705 
1768,724272  	94,198453 
1770,653088  	94,389669 
1772,581904  	94,533404 
1774,510720  	94,687753 
1776,439536  	94,775434 
1778,368352  	94,921417 
1780,297168  	95,002412 
1782,225984  	95,149443 
1784,154800  	95,227179 
1786,083616  	95,376835 
1788,012432  	95,464689 
1789,941248  	95,526780 
1791,870064  	95,572580 
1793,798880  	95,695686 
1795,727696  	95,742450 
1797,656512  	95,815349 
1799,585328  	95,858167 
1801,514144  	95,951727 
1803,442960  	95,984321 
1805,371776  	96,065545 
1807,300592  	96,070788 
1809,229408  	96,142237 
1811,158224  	96,127472 
1813,087040  	96,241003 
1815,015856  	96,264745 
1816,944672  	96,323083 
1818,873488  	96,333975 
1820,802304  	96,402230 
1822,731120  	96,393238 
1824,659936  	96,440555 
1826,588752  	96,473568 
1828,517568  	96,534687 
1830,446384  	96,553443 
1832,375200  	96,617309 
1834,304016  	96,606215 
1836,232832  	96,649067 
1838,161648  	96,643744 
1840,090464  	96,663252 
1842,019280  	96,663072 
1843,948096  	96,738484 
1845,876912  	96,742860 
1847,805728  	96,805245 
1849,734544  	96,780942 
1851,663360  	96,815804 
1853,592176  	96,836705 
1855,520992  	96,881210 
1857,449808  	96,782764 
1859,378624  	96,817100 
1861,307440  	96,832168 
1863,236256  	96,918176 
1865,165072  	96,854821 
1867,093888  	96,911000 
1869,022704  	96,919092 
1870,951520  	96,983960 
1872,880336  	96,940921 
1874,809152  	96,982364 
1876,737968  	96,972480 
1878,666784  	97,089094 
1880,595600  	97,040732 
1882,524416  	97,086262 
1884,453232  	97,094216 
1886,382048  	97,132785 
1888,310864  	97,104708 
1890,239680  	97,198940 
1892,168496  	97,191911 
1894,097312  	97,210943 
1896,026128  	97,124492 
1897,954944  	97,131585 
1899,883760  	97,126222 
1901,812576  	97,140065 
1903,741392  	97,169568 
1905,670208  	97,271737 
1907,599024  	97,349939 
1909,527840  	97,492837 
1911,456656  	97,511841 
1913,385472  	97,543663 
1915,314288  	97,446862 
1917,243104  	97,520217 
1919,171920  	97,527666 
1921,100736  	97,704136 
1923,029552  	97,691424 
1924,958368  	97,732616 
1926,887184  	97,571733 
1928,816000  	97,544886 
1930,744816  	97,529455 
1932,673632  	97,657909 
1934,602448  	97,569175 
1936,531264  	97,752645 
1938,460080  	97,819339 
1940,388896  	97,995759 
1942,317712  	97,990267 
1944,246528  	98,136730 
1946,175344  	98,124171 
1948,104160  	98,244163 
1950,032976  	98,213193 
1951,961792  	98,316193 
1953,890608  	98,290888 
1955,819424  	98,425781 
1957,748240  	98,414086 
1959,677056  	98,520492 
1961,605872  	98,543204 
1963,534688  	98,674383 
1965,463504  	98,599183 
1967,392320  	98,830372 
1969,321136  	98,824724 
1971,249952  	99,038140 
1973,178768  	99,125520 
1975,107584  	99,309305 
1977,036400  	99,292538 
1978,965216  	99,235774 
1980,894032  	99,073723 
1982,822848  	99,240572 
1984,751664  	99,069132 
1986,680480  	99,106296 
1988,609296  	99,188803 
1990,538112  	99,292849 
1992,466928  	99,063645 
1994,395744  	99,061883 
1996,324560  	98,911926 
1998,253376  	99,040970 
2000,182192  	98,982370 
2002,111008  	99,122989 
2004,039824  	99,055223 
2005,968640  	99,274213 
2007,897456  	99,103565 
2009,826272  	99,040613 
2011,755088  	98,913702 
2013,683904  	99,616339 
2015,612720  	99,798533 
2017,541536  	100,000000 
2019,470352  	99,592542 
2021,399168  	99,590597 
2023,327984  	99,459252 
2025,256800  	99,736214 
2027,185616  	99,466686 
2029,114432  	99,995453 
2031,043248  	99,818604 
2032,972064  	99,497903 
2034,900880  	98,961662 
2036,829696  	98,854413 
2038,758512  	98,449743 
2040,687328  	98,589555 
2042,616144  	98,291968 
2044,544960  	98,267507 
2046,473776  	97,958455 
2048,402592  	97,774241 
2050,331408  	97,515519 
2052,260224  	97,505788 
2054,189040  	97,424220 
2056,117856  	97,372510 
2058,046672  	97,091492 
2059,975488  	97,205291 
2061,904304  	97,156575 
2063,833120  	97,262413 
2065,761936  	97,028604 
2067,690752  	96,956321 
2069,619568  	96,856243 
2071,548384  	96,966993 
2073,477200  	96,767003 
2075,406016  	96,706889 
2077,334832  	96,599493 
2079,263648  	96,656085 
2081,192464  	96,599514 
2083,121280  	96,510074 
2085,050096  	96,422424 
2086,978912  	96,595208 
2088,907728  	96,474816 
2090,836544  	96,374733 
2092,765360  	96,374124 
2094,694176  	96,546199 
2096,622992  	96,403327 
2098,551808  	96,431429 
2100,480624  	96,326509 
2102,409440  	96,260381 
2104,338256  	96,171569 
2106,267072  	96,290604 
2108,195888  	96,243038 
2110,124704  	96,185895 
2112,053520  	96,085710 
2113,982336  	96,254389 
2115,911152  	96,152049 
2117,839968  	96,143628 
2119,768784  	96,112295 
2121,697600  	96,165892 
2123,626416  	96,249923 
2125,555232  	96,420511 
2127,484048  	96,406382 
2129,412864  	96,638497 
2131,341680  	96,635462 
2133,270496  	96,722682 
2135,199312  	96,665213 
2137,128128  	96,872585 
2139,056944  	97,037112 
2140,985760  	97,328460 
2142,914576  	97,185297 
2144,843392  	97,222162 
2146,772208  	97,232415 
2148,701024  	97,533674 
2150,629840  	97,716129 
2152,558656  	97,879413 
2154,487472  	98,024049 
2156,416288  	98,783533 
2158,345104  	99,149824 
2160,273920  	99,117639 
2162,202736  	98,603398 
2164,131552  	98,437987 
2166,060368  	97,611588 
2167,989184  	97,559078 
2169,918000  	97,633719 
2171,846816  	97,737120 
2173,775632  	97,474695 
2175,704448  	97,356056 
2177,633264  	97,033843 
2179,562080  	97,185926 
2181,490896  	97,135856 
2183,419712  	97,138321 
2185,348528  	97,033285 
2187,277344  	97,049076 
2189,206160  	96,883944 
2191,134976  	97,015106 
2193,063792  	96,920809 
2194,992608  	96,948920 
2196,921424  	96,902592 
2198,850240  	97,092996 
2200,779056  	96,884051 
2202,707872  	96,851041 
2204,636688  	96,808513 
2206,565504  	96,881878 
2208,494320  	96,806428 
2210,423136  	96,701047 
2212,351952  	96,591028 
2214,280768  	96,795182 
2216,209584  	96,721875 
2218,138400  	96,698898 
2220,067216  	96,542266 
2221,996032  	96,617075 
2223,924848  	96,533206 
2225,853664  	96,538649 
2227,782480  	96,558457 
2229,711296  	96,494509 
2231,640112  	96,399382 
2233,568928  	96,526310 
2235,497744  	96,423698 
2237,426560  	96,471902 
2239,355376  	96,485684 
2241,284192  	96,406787 
2243,213008  	96,330405 
2245,141824  	96,511046 
2247,070640  	96,498680 
2248,999456  	96,458434 
2250,928272  	96,379860 
2252,857088  	96,348195 
2254,785904  	96,277828 
2256,714720  	96,383968 
2258,643536  	96,358963 
2260,572352  	96,293909 
2262,501168  	96,129235 
2264,429984  	96,086621 
2266,358800  	96,100461 
2268,287616  	96,154058 
2270,216432  	96,019918 
2272,145248  	95,988453 
2274,074064  	95,958241 
2276,002880  	95,961539 
2277,931696  	95,848369 
2279,860512  	95,844193 
2281,789328  	95,744767 
2283,718144  	95,708066 
2285,646960  	95,669809 
2287,575776  	95,733568 
2289,504592  	95,799111 
2291,433408  	95,803227 
2293,362224  	95,690417 
2295,291040  	95,717508 
2297,219856  	95,704457 
2299,148672  	95,703226 
2301,077488  	95,665762 
2303,006304  	95,648623 
2304,935120  	95,612976 
2306,863936  	95,608852 
2308,792752  	95,590137 
2310,721568  	95,533808 
2312,650384  	95,449709 
2314,579200  	95,475867 
2316,508016  	95,492410 
2318,436832  	95,469333 
2320,365648  	95,457918 
2322,294464  	95,432518 
2324,223280  	95,393629 
2326,152096  	95,463767 
2328,080912  	95,462633 
2330,009728  	95,443965 
2331,938544  	95,424663 
2333,867360  	95,428211 
2335,796176  	95,426622 
2337,724992  	95,474749 
2339,653808  	95,387156 
2341,582624  	95,379319 
2343,511440  	95,368005 
2345,440256  	95,350502 
2347,369072  	95,310098 
2349,297888  	95,324423 
2351,226704  	95,278647 
2353,155520  	95,287228 
2355,084336  	95,309103 
2357,013152  	95,314598 
2358,941968  	95,231519 
2360,870784  	95,331688 
2362,799600  	95,446407 
2364,728416  	95,411121 
2366,657232  	95,328450 
2368,586048  	95,274029 
2370,514864  	95,154780 
2372,443680  	95,149937 
2374,372496  	95,120168 
2376,301312  	95,158904 
2378,230128  	95,165283 
2380,158944  	95,172205 
2382,087760  	95,210644 
2384,016576  	95,242850 
2385,945392  	95,235254 
2387,874208  	95,223334 
2389,803024  	95,218827 
2391,731840  	95,247299 
2393,660656  	95,211364 
2395,589472  	95,180136 
2397,518288  	95,163562 
2399,447104  	95,154193 
2401,375920  	95,097611 
2403,304736  	95,115249 
2405,233552  	95,071370 
2407,162368  	95,040409 
2409,091184  	95,024799 
2411,020000  	95,038861 
2412,948816  	95,013615 
2414,877632  	94,982199 
2416,806448  	94,915486 
2418,735264  	94,949762 
2420,664080  	94,984329 
2422,592896  	94,969395 
2424,521712  	94,894177 
2426,450528  	94,866417 
2428,379344  	94,803105 
2430,308160  	94,745941 
2432,236976  	94,690387 
2434,165792  	94,696487 
2436,094608  	94,775866 
2438,023424  	94,774559 
2439,952240  	94,622052 
2441,881056  	94,577497 
2443,809872  	94,530025 
2445,738688  	94,501018 
2447,667504  	94,449207 
2449,596320  	94,436219 
2451,525136  	94,394845 
2453,453952  	94,387173 
2455,382768  	94,321294 
2457,311584  	94,294004 
2459,240400  	94,291148 
2461,169216  	94,299636 
2463,098032  	94,205917 
2465,026848  	94,209120 
2466,955664  	94,161108 
2468,884480  	94,107457 
2470,813296  	94,052123 
2472,742112  	94,055732 
2474,670928  	94,021905 
2476,599744  	93,987501 
2478,528560  	93,955258 
2480,457376  	93,952877 
2482,386192  	93,865549 
2484,315008  	93,835517 
2486,243824  	93,762847 
2488,172640  	93,692008 
2490,101456  	93,648400 
2492,030272  	93,649250 
2493,959088  	93,616221 
2495,887904  	93,606047 
2497,816720  	93,560720 
2499,745536  	93,572412 
2501,674352  	93,551380 
2503,603168  	93,572408 
2505,531984  	93,437520 
2507,460800  	93,355614 
2509,389616  	93,351894 
2511,318432  	93,341609 
2513,247248  	93,290817 
2515,176064  	93,257448 
2517,104880  	93,217883 
2519,033696  	93,212582 
2520,962512  	93,189186 
2522,891328  	93,169979 
2524,820144  	93,078915 
2526,748960  	93,087958 
2528,677776  	93,065669 
2530,606592  	93,061566 
2532,535408  	93,023701 
2534,464224  	92,964915 
2536,393040  	92,846733 
2538,321856  	92,827517 
2540,250672  	92,852183 
2542,179488  	92,821142 
2544,108304  	92,717480 
2546,037120  	92,666563 
2547,965936  	92,639843 
2549,894752  	92,616450 
2551,823568  	92,538856 
2553,752384  	92,480603 
2555,681200  	92,401844 
2557,610016  	92,323072 
2559,538832  	92,291026 
2561,467648  	92,325363 
2563,396464  	92,266762 
2565,325280  	92,206336 
2567,254096  	92,128617 
2569,182912  	92,068394 
2571,111728  	92,004253 
2573,040544  	91,965600 
2574,969360  	91,877163 
2576,898176  	91,848162 
2578,826992  	91,845259 
2580,755808  	91,826231 
2582,684624  	91,715394 
2584,613440  	91,600611 
2586,542256  	91,537683 
2588,471072  	91,503785 
2590,399888  	91,427277 
2592,328704  	91,375496 
2594,257520  	91,295976 
2596,186336  	91,254878 
2598,115152  	91,194897 
2600,043968  	91,122892 
2601,972784  	91,036381 
2603,901600  	90,972246 
2605,830416  	90,904866 
2607,759232  	90,844749 
2609,688048  	90,774402 
2611,616864  	90,733053 
2613,545680  	90,647932 
2615,474496  	90,553860 
2617,403312  	90,482688 
2619,332128  	90,440668 
2621,260944  	90,333593 
2623,189760  	90,268181 
2625,118576  	90,182635 
2627,047392  	90,079151 
2628,976208  	89,979201 
2630,905024  	89,927536 
2632,833840  	89,855095 
2634,762656  	89,783407 
2636,691472  	89,694083 
2638,620288  	89,603229 
2640,549104  	89,502749 
2642,477920  	89,420289 
2644,406736  	89,344837 
2646,335552  	89,287632 
2648,264368  	89,195740 
2650,193184  	89,110078 
2652,122000  	89,041502 
2654,050816  	88,981587 
2655,979632  	88,904651 
2657,908448  	88,850151 
2659,837264  	88,795967 
2661,766080  	88,700811 
2663,694896  	88,601644 
2665,623712  	88,571343 
2667,552528  	88,503269 
2669,481344  	88,433049 
2671,410160  	88,365508 
2673,338976  	88,307732 
2675,267792  	88,231181 
2677,196608  	88,146351 
2679,125424  	88,058605 
2681,054240  	88,007568 
2682,983056  	87,962593 
2684,911872  	87,895253 
2686,840688  	87,820438 
2688,769504  	87,765428 
2690,698320  	87,711358 
2692,627136  	87,660623 
2694,555952  	87,576428 
2696,484768  	87,508377 
2698,413584  	87,443122 
2700,342400  	87,387096 
2702,271216  	87,320344 
2704,200032  	87,255992 
2706,128848  	87,206847 
2708,057664  	87,161799 
2709,986480  	87,120802 
2711,915296  	87,080346 
2713,844112  	87,012886 
2715,772928  	86,946775 
2717,701744  	86,901713 
2719,630560  	86,863515 
2721,559376  	86,821460 
2723,488192  	86,799459 
2725,417008  	86,745906 
2727,345824  	86,680153 
2729,274640  	86,645254 
2731,203456  	86,604480 
2733,132272  	86,541435 
2735,061088  	86,511490 
2736,989904  	86,476387 
2738,918720  	86,424677 
2740,847536  	86,371542 
2742,776352  	86,312499 
2744,705168  	86,272343 
2746,633984  	86,246911 
2748,562800  	86,192542 
2750,491616  	86,160147 
2752,420432  	86,112933 
2754,349248  	86,072902 
2756,278064  	85,994882 
2758,206880  	85,931448 
2760,135696  	85,878875 
2762,064512  	85,839268 
2763,993328  	85,780100 
2765,922144  	85,702977 
2767,850960  	85,636908 
2769,779776  	85,572537 
2771,708592  	85,464580 
2773,637408  	85,392368 
2775,566224  	85,342061 
2777,495040  	85,243771 
2779,423856  	85,132520 
2781,352672  	85,045725 
2783,281488  	84,972389 
2785,210304  	84,885183 
2787,139120  	84,776359 
2789,067936  	84,665673 
2790,996752  	84,559655 
2792,925568  	84,452341 
2794,854384  	84,313775 
2796,783200  	84,201478 
2798,712016  	84,101118 
2800,640832  	83,971083 
2802,569648  	83,807692 
2804,498464  	83,688469 
2806,427280  	83,557434 
2808,356096  	83,396623 
2810,284912  	83,253241 
2812,213728  	83,131802 
2814,142544  	82,996459 
2816,071360  	82,845463 
2818,000176  	82,670606 
2819,928992  	82,481692 
2821,857808  	82,319588 
2823,786624  	82,173592 
2825,715440  	81,999124 
2827,644256  	81,807777 
2829,573072  	81,617896 
2831,501888  	81,428470 
2833,430704  	81,205785 
2835,359520  	80,938607 
2837,288336  	80,642398 
2839,217152  	80,361354 
2841,145968  	80,029917 
2843,074784  	79,584677 
2845,003600  	79,031135 
2846,932416  	78,392358 
2848,861232  	77,775911 
2850,790048  	77,450278 
2852,718864  	77,329561 
2854,647680  	77,272292 
2856,576496  	77,238858 
2858,505312  	77,222820 
2860,434128  	77,183376 
2862,362944  	77,124762 
2864,291760  	76,992768 
2866,220576  	76,820185 
2868,149392  	76,628339 
2870,078208  	76,423993 
2872,007024  	76,213411 
2873,935840  	76,015183 
2875,864656  	75,851357 
2877,793472  	75,721432 
2879,722288  	75,560138 
2881,651104  	75,360084 
2883,579920  	75,190094 
2885,508736  	75,029091 
2887,437552  	74,863599 
2889,366368  	74,704591 
2891,295184  	74,563636 
2893,224000  	74,395067 
2895,152816  	74,238572 
2897,081632  	74,084184 
2899,010448  	73,919284 
2900,939264  	73,705181 
2902,868080  	73,508764 
2904,796896  	73,332379 
2906,725712  	73,069597 
2908,654528  	72,760752 
2910,583344  	72,395808 
2912,512160  	71,938376 
2914,440976  	71,355038 
2916,369792  	70,787416 
2918,298608  	70,438925 
2920,227424  	70,306301 
2922,156240  	70,243147 
2924,085056  	70,169276 
2926,013872  	70,168870 
2927,942688  	70,208946 
2929,871504  	70,249425 
2931,800320  	70,342870 
2933,729136  	70,491476 
2935,657952  	70,679527 
2937,586768  	70,891994 
2939,515584  	71,146295 
2941,444400  	71,388825 
2943,373216  	71,604363 
2945,302032  	71,802455 
2947,230848  	71,958736 
2949,159664  	72,088368 
2951,088480  	72,227421 
2953,017296  	72,301622 
2954,946112  	72,343160 
2956,874928  	72,414215 
2958,803744  	72,512562 
2960,732560  	72,622176 
2962,661376  	72,763450 
2964,590192  	72,906524 
2966,519008  	73,048239 
2968,447824  	73,188097 
2970,376640  	73,309313 
2972,305456  	73,405713 
2974,234272  	73,504690 
2976,163088  	73,639832 
2978,091904  	73,759911 
2980,020720  	73,831737 
2981,949536  	73,914304 
2983,878352  	73,984179 
2985,807168  	74,024568 
2987,735984  	74,035732 
2989,664800  	74,031949 
2991,593616  	74,012671 
2993,522432  	73,958365 
2995,451248  	73,866656 
2997,380064  	73,808551 
2999,308880  	73,679033 
3001,237696  	73,529240 
3003,166512  	73,381659 
3005,095328  	73,186783 
3007,024144  	72,963672 
3008,952960  	72,788003 
3010,881776  	72,590902 
3012,810592  	72,366519 
3014,739408  	72,154189 
3016,668224  	71,942625 
3018,597040  	71,700739 
3020,525856  	71,418357 
3022,454672  	71,143385 
3024,383488  	70,900073 
3026,312304  	70,648932 
3028,241120  	70,372181 
3030,169936  	70,110647 
3032,098752  	69,846565 
3034,027568  	69,560187 
3035,956384  	69,326313 
3037,885200  	69,050306 
3039,814016  	68,725882 
3041,742832  	68,422197 
3043,671648  	68,130636 
3045,600464  	67,829538 
3047,529280  	67,548250 
3049,458096  	67,238766 
3051,386912  	66,911419 
3053,315728  	66,619748 
3055,244544  	66,297347 
3057,173360  	65,960886 
3059,102176  	65,652674 
3061,030992  	65,352511 
3062,959808  	65,038519 
3064,888624  	64,722431 
3066,817440  	64,398407 
3068,746256  	64,085429 
3070,675072  	63,800630 
3072,603888  	63,490903 
3074,532704  	63,130995 
3076,461520  	62,802470 
3078,390336  	62,512654 
3080,319152  	62,205242 
3082,247968  	61,933854 
3084,176784  	61,647455 
3086,105600  	61,322486 
3088,034416  	61,015306 
3089,963232  	60,677195 
3091,892048  	60,368515 
3093,820864  	60,053365 
3095,749680  	59,745281 
3097,678496  	59,447991 
3099,607312  	59,138711 
3101,536128  	58,837917 
3103,464944  	58,523053 
3105,393760  	58,188691 
3107,322576  	57,863560 
3109,251392  	57,545342 
3111,180208  	57,235077 
3113,109024  	56,905947 
3115,037840  	56,604399 
3116,966656  	56,295769 
3118,895472  	55,946681 
3120,824288  	55,566787 
3122,753104  	55,246718 
3124,681920  	54,923284 
3126,610736  	54,621914 
3128,539552  	54,295104 
3130,468368  	53,957429 
3132,397184  	53,642633 
3134,326000  	53,325981 
3136,254816  	52,967378 
3138,183632  	52,613641 
3140,112448  	52,268947 
3142,041264  	51,970708 
3143,970080  	51,672063 
3145,898896  	51,343873 
3147,827712  	51,008608 
3149,756528  	50,687245 
3151,685344  	50,334216 
3153,614160  	49,980529 
3155,542976  	49,678676 
3157,471792  	49,387366 
3159,400608  	49,010226 
3161,329424  	48,740693 
3163,258240  	48,482249 
3165,187056  	48,140288 
3167,115872  	47,809196 
3169,044688  	47,512252 
3170,973504  	47,245810 
3172,902320  	47,009234 
3174,831136  	46,692845 
3176,759952  	46,405689 
3178,688768  	46,141598 
3180,617584  	45,860996 
3182,546400  	45,561476 
3184,475216  	45,302843 
3186,404032  	45,030588 
3188,332848  	44,781945 
3190,261664  	44,559792 
3192,190480  	44,319063 
3194,119296  	44,060720 
3196,048112  	43,837089 
3197,976928  	43,612746 
3199,905744  	43,400599 
3201,834560  	43,163852 
3203,763376  	42,957925 
3205,692192  	42,775815 
3207,621008  	42,592177 
3209,549824  	42,417430 
3211,478640  	42,248059 
3213,407456  	42,090795 
3215,336272  	41,901176 
3217,265088  	41,699811 
3219,193904  	41,574032 
3221,122720  	41,434342 
3223,051536  	41,207088 
3224,980352  	41,007291 
3226,909168  	40,944340 
3228,837984  	40,894161 
3230,766800  	40,768830 
3232,695616  	40,610491 
3234,624432  	40,517795 
3236,553248  	40,443252 
3238,482064  	40,294242 
3240,410880  	40,146585 
3242,339696  	40,061816 
3244,268512  	39,995382 
3246,197328  	39,932332 
3248,126144  	39,823267 
3250,054960  	39,778899 
3251,983776  	39,708835 
3253,912592  	39,647131 
3255,841408  	39,600009 
3257,770224  	39,554935 
3259,699040  	39,503672 
3261,627856  	39,449188 
3263,556672  	39,435228 
3265,485488  	39,451724 
3267,414304  	39,431879 
3269,343120  	39,414402 
3271,271936  	39,342170 
3273,200752  	39,264368 
3275,129568  	39,270357 
3277,058384  	39,315272 
3278,987200  	39,339491 
3280,916016  	39,344038 
3282,844832  	39,274671 
3284,773648  	39,306262 
3286,702464  	39,368401 
3288,631280  	39,341009 
3290,560096  	39,311263 
3292,488912  	39,398155 
3294,417728  	39,448916 
3296,346544  	39,440102 
3298,275360  	39,448846 
3300,204176  	39,486435 
3302,132992  	39,481720 
3304,061808  	39,510469 
3305,990624  	39,564567 
3307,919440  	39,599502 
3309,848256  	39,651430 
3311,777072  	39,748286 
3313,705888  	39,760706 
3315,634704  	39,748637 
3317,563520  	39,742978 
3319,492336  	39,815431 
3321,421152  	39,936238 
3323,349968  	39,982387 
3325,278784  	39,990524 
3327,207600  	40,053383 
3329,136416  	40,102625 
3331,065232  	40,170213 
3332,994048  	40,257293 
3334,922864  	40,285641 
3336,851680  	40,313445 
3338,780496  	40,411455 
3340,709312  	40,502587 
3342,638128  	40,626093 
3344,566944  	40,739416 
3346,495760  	40,822871 
3348,424576  	40,921693 
3350,353392  	41,017898 
3352,282208  	41,158644 
3354,211024  	41,291338 
3356,139840  	41,411101 
3358,068656  	41,539785 
3359,997472  	41,677488 
3361,926288  	41,857219 
3363,855104  	42,038168 
3365,783920  	42,203854 
3367,712736  	42,349624 
3369,641552  	42,519077 
3371,570368  	42,652132 
3373,499184  	42,861039 
3375,428000  	43,039098 
3377,356816  	43,261814 
3379,285632  	43,462310 
3381,214448  	43,663649 
3383,143264  	43,892740 
3385,072080  	44,096374 
3387,000896  	44,282248 
3388,929712  	44,491642 
3390,858528  	44,718729 
3392,787344  	45,008488 
3394,716160  	45,297763 
3396,644976  	45,549017 
3398,573792  	45,821075 
3400,502608  	46,080159 
3402,431424  	46,334522 
3404,360240  	46,625442 
3406,289056  	46,943223 
3408,217872  	47,182192 
3410,146688  	47,409222 
3412,075504  	47,769236 
3414,004320  	48,187010 
3415,933136  	48,501037 
3417,861952  	48,714380 
3419,790768  	48,962510 
3421,719584  	49,323087 
3423,648400  	49,713488 
3425,577216  	50,032373 
3427,506032  	50,277997 
3429,434848  	50,630626 
3431,363664  	51,009506 
3433,292480  	51,291878 
3435,221296  	51,537327 
3437,150112  	51,897666 
3439,078928  	52,261472 
3441,007744  	52,643516 
3442,936560  	53,036850 
3444,865376  	53,385012 
3446,794192  	53,764100 
3448,723008  	54,160522 
3450,651824  	54,496186 
3452,580640  	54,807635 
3454,509456  	55,153568 
3456,438272  	55,585340 
3458,367088  	55,992707 
3460,295904  	56,382777 
3462,224720  	56,773655 
3464,153536  	57,118691 
3466,082352  	57,446809 
3468,011168  	57,830905 
3469,939984  	58,226130 
3471,868800  	58,642347 
3473,797616  	58,995330 
3475,726432  	59,409875 
3477,655248  	59,827670 
3479,584064  	60,196202 
3481,512880  	60,585581 
3483,441696  	60,989868 
3485,370512  	61,326043 
3487,299328  	61,741977 
3489,228144  	62,183614 
3491,156960  	62,563371 
3493,085776  	62,967927 
3495,014592  	63,429178 
3496,943408  	63,802797 
3498,872224  	64,167953 
3500,801040  	64,599118 
3502,729856  	65,055735 
3504,658672  	65,440825 
3506,587488  	65,843984 
3508,516304  	66,261670 
3510,445120  	66,717588 
3512,373936  	67,081935 
3514,302752  	67,505692 
3516,231568  	67,933888 
3518,160384  	68,358564 
3520,089200  	68,749842 
3522,018016  	69,187278 
3523,946832  	69,635635 
3525,875648  	70,102700 
3527,804464  	70,535513 
3529,733280  	70,967154 
3531,662096  	71,439172 
3533,590912  	71,890983 
3535,519728  	72,230464 
3537,448544  	72,664181 
3539,377360  	73,081749 
3541,306176  	73,476560 
3543,234992  	73,803821 
3545,163808  	74,217593 
3547,092624  	74,693609 
3549,021440  	75,161728 
3550,950256  	75,532802 
3552,879072  	76,049087 
3554,807888  	76,520350 
3556,736704  	76,959631 
3558,665520  	77,358393 
3560,594336  	77,778095 
3562,523152  	78,152506 
3564,451968  	78,505324 
3566,380784  	78,843203 
3568,309600  	79,367239 
3570,238416  	79,813118 
3572,167232  	80,236172 
3574,096048  	80,655717 
3576,024864  	81,127593 
3577,953680  	81,510167 
3579,882496  	81,928294 
3581,811312  	82,321405 
3583,740128  	82,655318 
3585,668944  	82,938981 
3587,597760  	83,435515 
3589,526576  	83,911256 
3591,455392  	84,290427 
3593,384208  	84,610926 
3595,313024  	85,031115 
3597,241840  	85,410504 
3599,170656  	85,823496 
3601,099472  	86,211773 
3603,028288  	86,588522 
3604,957104  	86,929517 
3606,885920  	87,298635 
3608,814736  	87,694549 
3610,743552  	88,105734 
3612,672368  	88,401770 
3614,601184  	88,774708 
3616,530000  	89,065478 
3618,458816  	89,398408 
3620,387632  	89,774984 
3622,316448  	90,175057 
3624,245264  	90,486113 
3626,174080  	90,728348 
3628,102896  	91,026560 
3630,031712  	91,650890 
3631,960528  	92,020785 
3633,889344  	92,285577 
3635,818160  	92,545651 
3637,746976  	92,889292 
3639,675792  	93,166076 
3641,604608  	93,443298 
3643,533424  	93,704049 
3645,462240  	93,950800 
3647,391056  	94,229984 
3649,319872  	94,579574 
3651,248688  	94,845263 
3653,177504  	95,064734 
3655,106320  	95,291660 
3657,035136  	95,584022 
3658,963952  	95,842953 
3660,892768  	96,061539 
3662,821584  	96,246707 
3664,750400  	96,434434 
3666,679216  	96,569404 
3668,608032  	96,717914 
3670,536848  	96,866932 
3672,465664  	97,004671 
3674,394480  	97,153618 
3676,323296  	97,336894 
3678,252112  	97,428744 
3680,180928  	97,523939 
3682,109744  	97,617951 
3684,038560  	97,735537 
3685,967376  	97,780452 
3687,896192  	97,831230 
3689,825008  	97,897049 
3691,753824  	97,968991 
3693,682640  	98,010685 
3695,611456  	98,057443 
3697,540272  	98,094212 
3699,469088  	98,178809 
3701,397904  	98,232128 
3703,326720  	98,309856 
3705,255536  	98,380118 
3707,184352  	98,430465 
3709,113168  	98,488003 
3711,041984  	98,555430 
3712,970800  	98,569698 
3714,899616  	98,626759 
3716,828432  	98,649601 
3718,757248  	98,649484 
3720,686064  	98,663955 
3722,614880  	98,658513 
3724,543696  	98,648799 
3726,472512  	98,651024 
3728,401328  	98,681859 
3730,330144  	98,744215 
3732,258960  	98,738654 
3734,187776  	98,759859 
3736,116592  	98,743332 
3738,045408  	98,769369 
3739,974224  	98,758424 
3741,903040  	98,766691 
3743,831856  	98,746360 
3745,760672  	98,810563 
3747,689488  	98,864450 
3749,618304  	98,855745 
3751,547120  	98,808806 
3753,475936  	98,800900 
3755,404752  	98,821031 
3757,333568  	98,856797 
3759,262384  	98,863968 
3761,191200  	98,865097 
3763,120016  	98,867538 
3765,048832  	98,864596 
3766,977648  	98,858073 
3768,906464  	98,849121 
3770,835280  	98,862708 
3772,764096  	98,891652 
3774,692912  	98,896246 
3776,621728  	98,892685 
3778,550544  	98,913226 
3780,479360  	98,915933 
3782,408176  	98,923591 
3784,336992  	98,915527 
3786,265808  	98,927366 
3788,194624  	98,960221 
3790,123440  	98,939673 
3792,052256  	98,936905 
3793,981072  	98,944468 
3795,909888  	98,923081 
3797,838704  	98,907003 
3799,767520  	98,910708 
3801,696336  	98,892175 
3803,625152  	98,933791 
3805,553968  	98,957566 
3807,482784  	98,926011 
3809,411600  	98,941665 
3811,340416  	98,975032 
3813,269232  	98,973506 
3815,198048  	98,956528 
3817,126864  	98,944064 
3819,055680  	98,938483 
3820,984496  	98,945021 
3822,913312  	98,978594 
3824,842128  	98,982167 
3826,770944  	98,966298 
3828,699760  	98,976802 
3830,628576  	98,986256 
3832,557392  	98,951020 
3834,486208  	98,937566 
3836,415024  	98,932851 
3838,343840  	98,932864 
3840,272656  	98,965507 
3842,201472  	98,989692 
3844,130288  	98,969036 
3846,059104  	98,975870 
3847,987920  	98,997835 
3849,916736  	98,969217 
3851,845552  	98,896231 
3853,774368  	98,885631 
3855,703184  	98,936043 
3857,632000  	98,989176 
3859,560816  	98,992297 
3861,489632  	98,963842 
3863,418448  	98,941316 
3865,347264  	98,909780 
3867,276080  	98,918959 
3869,204896  	98,921365 
3871,133712  	98,910284 
3873,062528  	98,927521 
3874,991344  	98,930364 
3876,920160  	98,951088 
3878,848976  	98,967418 
3880,777792  	98,935447 
3882,706608  	98,922544 
3884,635424  	98,915620 
3886,564240  	98,903186 
3888,493056  	98,925262 
3890,421872  	98,900289 
3892,350688  	98,910303 
3894,279504  	98,933314 
3896,208320  	98,944263 
3898,137136  	98,931379 
3900,065952  	98,935436 
3901,994768  	98,906191 
3903,923584  	98,911815 
3905,852400  	98,921886 
3907,781216  	98,919824 
3909,710032  	98,924697 
3911,638848  	98,913271 
3913,567664  	98,914652 
3915,496480  	98,905830 
3917,425296  	98,873594 
3919,354112  	98,892977 
3921,282928  	98,896232 
3923,211744  	98,917521 
3925,140560  	98,908438 
3927,069376  	98,909901 
3928,998192  	98,903629 
3930,927008  	98,880128 
3932,855824  	98,878034 
3934,784640  	98,908933 
3936,713456  	98,901895 
3938,642272  	98,883642 
3940,571088  	98,875368 
3942,499904  	98,884164 
3944,428720  	98,882104 
3946,357536  	98,887536 
3948,286352  	98,895535 
3950,215168  	98,906015 
3952,143984  	98,924820 
3954,072800  	98,921262 
3956,001616  	98,909161 
3957,930432  	98,952667 
3959,859248  	98,937686 
3961,788064  	98,880162 
3963,716880  	98,885756 
3965,645696  	98,925645 
3967,574512  	98,923119 
3969,503328  	98,875006 
3971,432144  	98,850868 
3973,360960  	98,874681 
3975,289776  	98,891710 
3977,218592  	98,897087 
3979,147408  	98,885083 
3981,076224  	98,892125 
3983,005040  	98,918795 
3984,933856  	98,947589 
3986,862672  	98,936466 
3988,791488  	98,930446 
3990,720304  	98,907059 
3992,649120  	98,919017 
3994,577936  	98,910574 
3996,506752  	98,886268 
3998,435568  	98,920652 
4000,364384  	98,951049 