599.861776	23.702039
601.790592	24.078922
603.719408	24.363777
605.648224	24.561149
607.577040	25.002145
609.505856	25.292949
611.434672	25.420892
613.363488	25.664034
615.292304	25.820220
617.221120	25.850093
619.149936	25.852562
621.078752	25.979351
623.007568	26.106731
624.936384	26.242312
626.865200	26.321161
628.794016	26.527765
630.722832	26.919001
632.651648	27.308989
634.580464	27.635817
636.509280	28.143261
638.438096	28.694009
640.366912	29.288700
642.295728	29.863192
644.224544	30.510540
646.153360	31.157179
648.082176	31.724457
650.010992	32.137308
651.939808	32.432057
653.868624	32.738422
655.797440	32.983110
657.726256	33.190423
659.655072	33.379135
661.583888	33.519821
663.512704	33.647920
665.441520	33.653215
667.370336	33.953252
669.299152	34.790502
671.227968	34.863032
673.156784	34.973896
675.085600	35.342519
677.014416	35.637293
678.943232	35.769317
680.872048	35.951855
682.800864	36.174037
684.729680	36.140241
686.658496	36.097901
688.587312	36.211791
690.516128	36.515252
692.444944	36.876710
694.373760	37.133013
696.302576	37.287604
698.231392	37.438100
700.160208	37.547396
702.089024	37.694947
704.017840	37.897739
705.946656	38.138959
707.875472	38.341838
709.804288	38.601328
711.733104	38.914526
713.661920	39.232748
715.590736	39.691575
717.519552	40.222085
719.448368	40.751000
721.377184	41.246787
723.306000	41.682311
725.234816	42.188181
727.163632	42.531800
729.092448	42.807741
731.021264	43.154983
732.950080	43.538583
734.878896	43.740997
736.807712	43.986289
738.736528	44.303823
740.665344	44.646900
742.594160	45.041135
744.522976	45.510000
746.451792	45.958042
748.380608	46.308267
750.309424	46.508131
752.238240	46.849493
754.167056	47.176266
756.095872	47.315074
758.024688	47.427050
759.953504	47.458588
761.882320	47.404589
763.811136	47.314182
765.739952	47.217035
767.668768	47.076723
769.597584	47.002080
771.526400	46.986649
773.455216	47.048310
775.384032	47.204481
777.312848	47.419177
779.241664	47.725168
781.170480	48.093921
783.099296	48.578602
785.028112	49.174727
786.956928	49.709501
788.885744	50.100567
790.814560	50.461704
792.743376	50.818759
794.672192	51.107146
796.601008	51.203769
798.529824	51.063525
800.458640	50.745695
802.387456	50.408217
804.316272	49.914839
806.245088	49.398343
808.173904	48.883754
810.102720	48.240893
812.031536	47.753245
813.960352	47.498481
815.889168	47.342016
817.817984	47.302651
819.746800	47.418524
821.675616	47.651461
823.604432	47.857006
825.533248	47.949317
827.462064	48.038371
829.390880	48.154658
831.319696	48.238621
833.248512	48.495937
835.177328	48.950063
837.106144	49.609593
839.034960	50.400684
840.963776	51.274115
842.892592	52.199985
844.821408	53.109501
846.750224	53.967345
848.679040	54.601451
850.607856	55.054237
852.536672	55.336495
854.465488	55.393935
856.394304	55.268909
858.323120	54.984557
860.251936	54.597260
862.180752	54.418996
864.109568	54.585679
866.038384	54.870922
867.967200	55.122898
869.896016	55.361540
871.824832	55.792558
873.753648	56.274273
875.682464	56.619467
877.611280	56.982285
879.540096	57.404078
881.468912	57.725037
883.397728	57.875552
885.326544	57.968017
887.255360	58.057378
889.184176	58.159909
891.112992	58.206080
893.041808	58.250866
894.970624	58.293769
896.899440	58.325838
898.828256	58.435231
900.757072	58.618352
902.685888	58.746462
904.614704	58.768893
906.543520	58.698397
908.472336	58.464147
910.401152	58.032903
912.329968	57.455988
914.258784	56.794941
916.187600	56.195145
918.116416	55.721550
920.045232	55.395563
921.974048	55.200153
923.902864	55.122495
925.831680	55.197848
927.760496	55.337668
929.689312	55.534505
931.618128	55.787247
933.546944	55.920076
935.475760	55.970385
937.404576	55.895546
939.333392	55.774724
941.262208	55.602210
943.191024	55.397395
945.119840	55.348568
947.048656	55.448178
948.977472	55.537855
950.906288	55.453820
952.835104	55.054712
954.763920	54.437977
956.692736	53.566407
958.621552	52.456065
960.550368	51.184527
962.479184	49.763746
964.408000	48.229740
966.336816	46.571243
968.265632	44.658051
970.194448	42.395493
972.123264	39.856895
974.052080	37.157833
975.980896	34.377044
977.909712	31.565107
979.838528	28.898283
981.767344	26.428887
983.696160	24.236284
985.624976	22.411254
987.553792	21.099534
989.482608	20.232449
991.411424	19.773460
993.340240	19.552286
995.269056	19.528289
997.197872	19.531938
999.126688	19.466417
1001.055504	19.129408
1002.984320	18.619784
1004.913136	17.781761
1006.841952	16.727399
1008.770768	15.596817
1010.699584	14.585386
1012.628400	13.743531
1014.557216	13.148749
1016.486032	12.698488
1018.414848	12.298975
1020.343664	11.883195
1022.272480	11.499743
1024.201296	11.040762
1026.130112	10.600916
1028.058928	10.227600
1029.987744	10.060899
1031.916560	10.000000
1033.845376	10.125960
1035.774192	10.320236
1037.703008	10.542596
1039.631824	10.661827
1041.560640	10.875670
1043.489456	11.108088
1045.418272	11.473690
1047.347088	11.904924
1049.275904	12.371027
1051.204720	12.754638
1053.133536	13.139622
1055.062352	13.400454
1056.991168	13.654094
1058.919984	13.853506
1060.848800	14.106927
1062.777616	14.310987
1064.706432	14.585858
1066.635248	14.873757
1068.564064	15.242265
1070.492880	15.695217
1072.421696	16.470700
1074.350512	17.558465
1076.279328	19.050115
1078.208144	20.824317
1080.136960	22.910598
1082.065776	25.044506
1083.994592	27.147288
1085.923408	28.969703
1087.852224	30.505936
1089.781040	31.635886
1091.709856	32.487912
1093.638672	33.081373
1095.567488	33.575494
1097.496304	34.020878
1099.425120	34.613984
1101.353936	35.297735
1103.282752	36.171436
1105.211568	37.151128
1107.140384	38.151866
1109.069200	39.016793
1110.998016	39.837884
1112.926832	40.579150
1114.855648	41.260629
1116.784464	41.911043
1118.713280	42.643278
1120.642096	43.413162
1122.570912	44.203379
1124.499728	44.982466
1126.428544	45.755960
1128.357360	46.476196
1130.286176	47.216519
1132.214992	47.974955
1134.143808	48.696859
1136.072624	49.320311
1138.001440	49.875257
1139.930256	50.378901
1141.859072	50.812319
1143.787888	51.200135
1145.716704	51.602773
1147.645520	51.938415
1149.574336	52.202291
1151.503152	52.332377
1153.431968	52.370606
1155.360784	52.270977
1157.289600	52.025468
1159.218416	51.654902
1161.147232	51.212953
1163.076048	50.689256
1165.004864	50.115752
1166.933680	49.528446
1168.862496	49.026611
1170.791312	48.715270
1172.720128	48.702913
1174.648944	48.967141
1176.577760	49.492226
1178.506576	50.139182
1180.435392	50.795962
1182.364208	51.305363
1184.293024	51.565031
1186.221840	51.507512
1188.150656	51.173441
1190.079472	50.614781
1192.008288	50.004692
1193.937104	49.431042
1195.865920	49.014717
1197.794736	48.805982
1199.723552	48.857235
1201.652368	49.096070
1203.581184	49.562499
1205.510000	50.213933
1207.438816	50.995478
1209.367632	51.805946
1211.296448	52.600157
1213.225264	53.297451
1215.154080	53.877818
1217.082896	54.280071
1219.011712	54.504860
1220.940528	54.509003
1222.869344	54.357151
1224.798160	54.078090
1226.726976	53.706771
1228.655792	53.230065
1230.584608	52.723725
1232.513424	52.205915
1234.442240	51.686991
1236.371056	51.141472
1238.299872	50.576816
1240.228688	49.982049
1242.157504	49.394598
1244.086320	48.761540
1246.015136	48.121065
1247.943952	47.468754
1249.872768	46.875227
1251.801584	46.346867
1253.730400	45.925397
1255.659216	45.612587
1257.588032	45.483765
1259.516848	45.556919
1261.445664	45.879678
1263.374480	46.378506
1265.303296	47.005884
1267.232112	47.591154
1269.160928	48.089725
1271.089744	48.484745
1273.018560	48.852219
1274.947376	49.172224
1276.876192	49.522654
1278.805008	49.900545
1280.733824	50.330593
1282.662640	50.764578
1284.591456	51.263358
1286.520272	51.792044
1288.449088	52.352769
1290.377904	52.873517
1292.306720	53.341945
1294.235536	53.685925
1296.164352	53.922007
1298.093168	54.122023
1300.021984	54.399780
1301.950800	54.746982
1303.879616	55.171276
1305.808432	55.513219
1307.737248	55.799124
1309.666064	56.151659
1311.594880	56.333027
1313.523696	56.494594
1315.452512	56.643486
1317.381328	56.803567
1319.310144	56.944578
1321.238960	57.058495
1323.167776	57.286335
1325.096592	57.070205
1327.025408	56.744638
1328.954224	56.358944
1330.883040	56.000447
1332.811856	55.652848
1334.740672	55.410457
1336.669488	55.181105
1338.598304	55.006206
1340.527120	54.867514
1342.455936	54.781155
1344.384752	54.662390
1346.313568	54.563266
1348.242384	54.431890
1350.171200	54.335266
1352.100016	54.219859
1354.028832	54.100896
1355.957648	53.943347
1357.886464	53.779267
1359.815280	53.546712
1361.744096	53.332224
1363.672912	53.189678
1365.601728	53.124363
1367.530544	53.016629
1369.459360	53.019279
1371.388176	53.060121
1373.316992	53.194104
1375.245808	53.457312
1377.174624	53.803185
1379.103440	54.182213
1381.032256	54.625972
1382.961072	54.991787
1384.889888	55.209022
1386.818704	55.373037
1388.747520	55.546538
1390.676336	55.687522
1392.605152	55.652727
1394.533968	55.600409
1396.462784	55.567330
1398.391600	55.506045
1400.320416	55.488912
1402.249232	55.452638
1404.178048	55.430888
1406.106864	55.443762
1408.035680	55.486525
1409.964496	55.540790
1411.893312	55.675147
1413.822128	55.834084
1415.750944	56.022529
1417.679760	56.165853
1419.608576	56.636868
1421.537392	57.019915
1423.466208	57.355189
1425.395024	57.759631
1427.323840	58.046085
1429.252656	58.198844
1431.181472	58.344381
1433.110288	58.308674
1435.039104	58.183786
1436.967920	58.014979
1438.896736	57.841180
1440.825552	57.580102
1442.754368	57.412323
1444.683184	57.263024
1446.612000	57.277739
1448.540816	57.484590
1450.469632	57.919447
1452.398448	58.420027
1454.327264	59.015105
1456.256080	59.694536
1458.184896	61.146613
1460.113712	62.152055
1462.042528	63.044667
1463.971344	64.030579
1465.900160	65.479076
1467.828976	66.699271
1469.757792	67.796902
1471.686608	68.889454
1473.615424	70.320938
1475.544240	71.226531
1477.473056	72.038462
1479.401872	72.594767
1481.330688	73.000675
1483.259504	73.170992
1485.188320	73.017488
1487.117136	72.682844
1489.045952	72.231071
1490.974768	71.688563
1492.903584	71.187485
1494.832400	70.661170
1496.761216	70.213322
1498.690032	70.129169
1500.618848	70.234546
1502.547664	70.375055
1504.476480	70.546425
1506.405296	70.637837
1508.334112	70.594904
1510.262928	70.355288
1512.191744	69.953923
1514.120560	69.543095
1516.049376	69.391892
1517.978192	69.798612
1519.907008	70.236304
1521.835824	71.066754
1523.764640	71.665559
1525.693456	72.082403
1527.622272	72.501377
1529.551088	72.883334
1531.479904	72.721525
1533.408720	73.036925
1535.337536	73.470838
1537.266352	73.558223
1539.195168	73.511552
1541.123984	73.483629
1543.052800	73.005263
1544.981616	72.535750
1546.910432	71.959505
1548.839248	71.370100
1550.768064	70.481009
1552.696880	69.743871
1554.625696	68.771276
1556.554512	67.918272
1558.483328	66.868606
1560.412144	65.439920
1562.340960	64.461714
1564.269776	63.550982
1566.198592	62.602702
1568.127408	61.462341
1570.056224	60.160494
1571.985040	59.017161
1573.913856	57.954434
1575.842672	56.884649
1577.771488	55.743603
1579.700304	54.790805
1581.629120	53.740059
1583.557936	52.608335
1585.486752	51.271547
1587.415568	49.908560
1589.344384	48.379386
1591.273200	46.936443
1593.202016	45.525676
1595.130832	44.375799
1597.059648	43.453031
1598.988464	42.955748
1600.917280	42.730635
1602.846096	42.958803
1604.774912	43.436892
1606.703728	44.185049
1608.632544	45.065343
1610.561360	46.029535
1612.490176	46.837511
1614.418992	47.425361
1616.347808	48.108813
1618.276624	48.963697
1620.205440	49.342118
1622.134256	49.684635
1624.063072	50.268439
1625.991888	50.773633
1627.920704	51.400072
1629.849520	52.228596
1631.778336	52.996279
1633.707152	53.714586
1635.635968	54.814982
1637.564784	56.066907
1639.493600	56.970959
1641.422416	57.920142
1643.351232	58.839111
1645.280048	59.664383
1647.208864	60.900840
1649.137680	61.935786
1651.066496	62.550258
1652.995312	63.596985
1654.924128	65.113436
1656.852944	65.915041
1658.781760	67.035828
1660.710576	68.069013
1662.639392	69.517236
1664.568208	71.253665
1666.497024	72.485520
1668.425840	73.631419
1670.354656	75.117776
1672.283472	76.057311
1674.212288	76.795770
1676.141104	77.624131
1678.069920	78.210442
1679.998736	78.632828
1681.927552	79.043832
1683.856368	79.496057
1685.785184	80.222569
1687.714000	80.421131
1689.642816	81.066849
1691.571632	81.701338
1693.500448	81.880068
1695.429264	82.047708
1697.358080	82.271812
1699.286896	82.372499
1701.215712	82.635974
1703.144528	82.715773
1705.073344	82.819094
1707.002160	82.958879
1708.930976	83.098574
1710.859792	83.208034
1712.788608	83.346885
1714.717424	83.445693
1716.646240	83.605188
1718.575056	83.851118
1720.503872	84.111483
1722.432688	84.321507
1724.361504	84.639722
1726.290320	84.932351
1728.219136	85.336660
1730.147952	85.748549
1732.076768	86.157575
1734.005584	86.640399
1735.934400	87.275437
1737.863216	87.694579
1739.792032	88.273001
1741.720848	88.867257
1743.649664	89.468090
1745.578480	90.028397
1747.507296	90.601776
1749.436112	91.164023
1751.364928	91.813887
1753.293744	92.421539
1755.222560	92.893801
1757.151376	93.354312
1759.080192	93.843400
1761.009008	94.224355
1762.937824	94.673629
1764.866640	95.043888
1766.795456	95.179615
1768.724272	95.280043
1770.653088	95.411301
1772.581904	95.515226
1774.510720	95.635494
1776.439536	95.715896
1778.368352	95.856026
1780.297168	95.966158
1782.225984	96.091789
1784.154800	96.164156
1786.083616	96.280312
1788.012432	96.371994
1789.941248	96.443743
1791.870064	96.511133
1793.798880	96.628450
1795.727696	96.658253
1797.656512	96.754314
1799.585328	96.783601
1801.514144	96.877589
1803.442960	96.940217
1805.371776	97.041558
1807.300592	97.037003
1809.229408	97.114003
1811.158224	97.121610
1813.087040	97.185516
1815.015856	97.174537
1816.944672	97.220380
1818.873488	97.234160
1820.802304	97.295384
1822.731120	97.307747
1824.659936	97.356804
1826.588752	97.365798
1828.517568	97.404165
1830.446384	97.411366
1832.375200	97.447438
1834.304016	97.433533
1836.232832	97.497715
1838.161648	97.487631
1840.090464	97.520724
1842.019280	97.484049
1843.948096	97.536805
1845.876912	97.528047
1847.805728	97.560780
1849.734544	97.583242
1851.663360	97.666720
1853.592176	97.600880
1855.520992	97.600438
1857.449808	97.620233
1859.378624	97.663431
1861.307440	97.623838
1863.236256	97.669029
1865.165072	97.668919
1867.093888	97.678787
1869.022704	97.663490
1870.951520	97.757243
1872.880336	97.749062
1874.809152	97.768876
1876.737968	97.696950
1878.666784	97.750641
1880.595600	97.728491
1882.524416	97.844625
1884.453232	97.766010
1886.382048	97.810242
1888.310864	97.799663
1890.239680	97.888875
1892.168496	97.837850
1894.097312	97.859199
1896.026128	97.802115
1897.954944	97.855509
1899.883760	97.854685
1901.812576	97.850312
1903.741392	97.831702
1905.670208	97.892217
1907.599024	97.925832
1909.527840	98.036282
1911.456656	98.148272
1913.385472	98.245175
1915.314288	97.989708
1917.243104	98.113061
1919.171920	98.209357
1921.100736	98.218027
1923.029552	98.208278
1924.958368	98.375759
1926.887184	98.311507
1928.816000	98.392057
1930.744816	98.356139
1932.673632	98.451602
1934.602448	98.423294
1936.531264	98.478437
1938.460080	98.328271
1940.388896	98.479287
1942.317712	98.477852
1944.246528	98.682052
1946.175344	98.679644
1948.104160	98.985875
1950.032976	98.918391
1951.961792	98.974994
1953.890608	98.848593
1955.819424	99.025785
1957.748240	99.099161
1959.677056	99.400291
1961.605872	99.166692
1963.534688	99.374765
1965.463504	99.524442
1967.392320	99.925861
1969.321136	99.843423
1971.249952	99.891045
1973.178768	99.439362
1975.107584	99.749436
1977.036400	99.668452
1978.965216	99.875035
1980.894032	99.583646
1982.822848	99.623381
1984.751664	99.452413
1986.680480	99.672590
1988.609296	99.313479
1990.538112	98.910992
1992.466928	98.999155
1994.395744	99.366874
1996.324560	99.331196
1998.253376	99.374078
2000.182192	99.092697
2002.111008	99.223495
2004.039824	99.285877
2005.968640	99.863633
2007.897456	100.000000
2009.826272	99.848432
2011.755088	99.655646
2013.683904	99.871247
2015.612720	99.560669
2017.541536	99.999198
2019.470352	99.929006
2021.399168	99.916613
2023.327984	99.552205
2025.256800	99.806220
2027.185616	99.691988
2029.114432	99.712339
2031.043248	99.609907
2032.972064	99.877715
2034.900880	99.584162
2036.829696	99.461845
2038.758512	99.322490
2040.687328	99.343374
2042.616144	99.126690
2044.544960	99.160686
2046.473776	98.946289
2048.402592	98.771298
2050.331408	98.230770
2052.260224	98.244424
2054.189040	98.253089
2056.117856	98.216237
2058.046672	97.988218
2059.975488	98.032558
2061.904304	98.024602
2063.833120	98.025204
2065.761936	97.933894
2067.690752	97.845236
2069.619568	97.645628
2071.548384	97.827457
2073.477200	97.772449
2075.406016	97.661464
2077.334832	97.547085
2079.263648	97.604618
2081.192464	97.486691
2083.121280	97.544527
2085.050096	97.517043
2086.978912	97.549061
2088.907728	97.503938
2090.836544	97.462513
2092.765360	97.388098
2094.694176	97.528581
2096.622992	97.503505
2098.551808	97.417434
2100.480624	97.337465
2102.409440	97.436831
2104.338256	97.332850
2106.267072	97.386070
2108.195888	97.296656
2110.124704	97.255564
2112.053520	97.094949
2113.982336	97.008510
2115.911152	97.125887
2117.839968	97.395863
2119.768784	97.301693
2121.697600	97.164471
2123.626416	97.082865
2125.555232	97.245895
2127.484048	97.372545
2129.412864	97.461324
2131.341680	97.387506
2133.270496	97.374276
2135.199312	97.317475
2137.128128	97.564139
2139.056944	97.723194
2140.985760	97.904186
2142.914576	97.893789
2144.843392	98.182744
2146.772208	98.254499
2148.701024	98.397782
2150.629840	98.154046
2152.558656	98.306899
2154.487472	98.505988
2156.416288	99.090999
2158.345104	99.536993
2160.273920	99.322978
2162.202736	98.591051
2164.131552	98.464254
2166.060368	98.207859
2167.989184	98.307926
2169.918000	98.235897
2171.846816	98.493803
2173.775632	98.453431
2175.704448	98.602929
2177.633264	98.504426
2179.562080	98.665909
2181.490896	98.517055
2183.419712	98.150000
2185.348528	97.991936
2187.277344	98.178476
2189.206160	98.052178
2191.134976	97.958807
2193.063792	97.744636
2194.992608	97.762497
2196.921424	97.824733
2198.850240	97.929945
2200.779056	97.807126
2202.707872	97.779728
2204.636688	97.716383
2206.565504	97.784117
2208.494320	97.677954
2210.423136	97.746049
2212.351952	97.637522
2214.280768	97.604546
2216.209584	97.530595
2218.138400	97.593820
2220.067216	97.542085
2221.996032	97.573765
2223.924848	97.478678
2225.853664	97.541113
2227.782480	97.528633
2229.711296	97.539532
2231.640112	97.441535
2233.568928	97.365089
2235.497744	97.217523
2237.426560	97.466262
2239.355376	97.469366
2241.284192	97.420077
2243.213008	97.389247
2245.141824	97.401076
2247.070640	97.232630
2248.999456	97.223839
2250.928272	97.207422
2252.857088	97.163009
2254.785904	97.131798
2256.714720	97.127853
2258.643536	97.021694
2260.572352	96.979482
2262.501168	96.931076
2264.429984	96.901073
2266.358800	96.856758
2268.287616	96.855038
2270.216432	96.832329
2272.145248	96.842140
2274.074064	96.811537
2276.002880	96.780632
2277.931696	96.723086
2279.860512	96.725200
2281.789328	96.717224
2283.718144	96.690406
2285.646960	96.623139
2287.575776	96.617139
2289.504592	96.598732
2291.433408	96.592826
2293.362224	96.553766
2295.291040	96.499187
2297.219856	96.362226
2299.148672	96.402585
2301.077488	96.449563
2303.006304	96.445785
2304.935120	96.348069
2306.863936	96.234155
2308.792752	96.176053
2310.721568	96.156104
2312.650384	96.070798
2314.579200	95.959072
2316.508016	95.903302
2318.436832	95.952440
2320.365648	95.803278
2322.294464	95.787302
2324.223280	95.767068
2326.152096	95.766127
2328.080912	95.671744
2330.009728	95.730551
2331.938544	95.795377
2333.867360	95.743729
2335.796176	95.645064
2337.724992	95.720778
2339.653808	95.699723
2341.582624	95.601082
2343.511440	95.467989
2345.440256	95.556786
2347.369072	95.633106
2349.297888	95.652568
2351.226704	95.532318
2353.155520	95.512080
2355.084336	95.564882
2357.013152	95.673173
2358.941968	95.665241
2360.870784	95.737159
2362.799600	95.649355
2364.728416	95.752958
2366.657232	95.578661
2368.586048	95.464103
2370.514864	95.336066
2372.443680	95.260689
2374.372496	95.233639
2376.301312	95.280371
2378.230128	95.272637
2380.158944	95.373550
2382.087760	95.436395
2384.016576	95.487988
2385.945392	95.495328
2387.874208	95.523243
2389.803024	95.505292
2391.731840	95.460419
2393.660656	95.424594
2395.589472	95.481770
2397.518288	95.492379
2399.447104	95.502990
2401.375920	95.431362
2403.304736	95.321537
2405.233552	95.277754
2407.162368	95.297151
2409.091184	95.251001
2411.020000	95.221420
2412.948816	95.173451
2414.877632	95.124458
2416.806448	95.069902
2418.735264	95.065894
2420.664080	95.011907
2422.592896	95.010784
2424.521712	94.933376
2426.450528	94.841347
2428.379344	94.809761
2430.308160	94.834539
2432.236976	94.771012
2434.165792	94.756546
2436.094608	94.720926
2438.023424	94.705090
2439.952240	94.671854
2441.881056	94.648483
2443.809872	94.552058
2445.738688	94.449938
2447.667504	94.376010
2449.596320	94.371210
2451.525136	94.303872
2453.453952	94.220525
2455.382768	94.147222
2457.311584	94.162349
2459.240400	94.119541
2461.169216	94.013987
2463.098032	93.983234
2465.026848	93.975020
2466.955664	93.896844
2468.884480	93.822693
2470.813296	93.760358
2472.742112	93.741591
2474.670928	93.764721
2476.599744	93.723895
2478.528560	93.624208
2480.457376	93.576106
2482.386192	93.461341
2484.315008	93.392302
2486.243824	93.383509
2488.172640	93.404173
2490.101456	93.359859
2492.030272	93.319202
2493.959088	93.281426
2495.887904	93.260398
2497.816720	93.200882
2499.745536	93.159047
2501.674352	93.124810
2503.603168	93.113204
2505.531984	93.062254
2507.460800	93.043167
2509.389616	93.000451
2511.318432	92.897369
2513.247248	92.821871
2515.176064	92.832687
2517.104880	92.768787
2519.033696	92.721141
2520.962512	92.648416
2522.891328	92.611729
2524.820144	92.590795
2526.748960	92.568288
2528.677776	92.495501
2530.606592	92.486281
2532.535408	92.476022
2534.464224	92.442907
2536.393040	92.384033
2538.321856	92.373461
2540.250672	92.316634
2542.179488	92.267514
2544.108304	92.210303
2546.037120	92.121893
2547.965936	92.050380
2549.894752	92.044580
2551.823568	91.998816
2553.752384	91.961279
2555.681200	91.871300
2557.610016	91.799463
2559.538832	91.761899
2561.467648	91.723676
2563.396464	91.619920
2565.325280	91.591807
2567.254096	91.513639
2569.182912	91.507413
2571.111728	91.517106
2573.040544	91.453243
2574.969360	91.335988
2576.898176	91.253288
2578.826992	91.163042
2580.755808	91.092447
2582.684624	91.023337
2584.613440	90.973670
2586.542256	90.932568
2588.471072	90.897895
2590.399888	90.819447
2592.328704	90.753676
2594.257520	90.700390
2596.186336	90.639959
2598.115152	90.559221
2600.043968	90.482425
2601.972784	90.433435
2603.901600	90.386907
2605.830416	90.284887
2607.759232	90.221109
2609.688048	90.140616
2611.616864	90.061954
2613.545680	89.989422
2615.474496	89.942015
2617.403312	89.859174
2619.332128	89.756278
2621.260944	89.680448
2623.189760	89.622908
2625.118576	89.508614
2627.047392	89.433064
2628.976208	89.387041
2630.905024	89.343754
2632.833840	89.259031
2634.762656	89.167822
2636.691472	89.079668
2638.620288	89.011434
2640.549104	88.934362
2642.477920	88.882212
2644.406736	88.819257
2646.335552	88.772170
2648.264368	88.691398
2650.193184	88.588813
2652.122000	88.495973
2654.050816	88.429366
2655.979632	88.356574
2657.908448	88.291536
2659.837264	88.207601
2661.766080	88.134307
2663.694896	88.068303
2665.623712	88.019525
2667.552528	87.964520
2669.481344	87.881766
2671.410160	87.806720
2673.338976	87.750848
2675.267792	87.676368
2677.196608	87.612955
2679.125424	87.553375
2681.054240	87.487609
2682.983056	87.393025
2684.911872	87.298141
2686.840688	87.222727
2688.769504	87.180728
2690.698320	87.107763
2692.627136	87.061662
2694.555952	87.019272
2696.484768	86.944200
2698.413584	86.890848
2700.342400	86.845493
2702.271216	86.772400
2704.200032	86.720713
2706.128848	86.674574
2708.057664	86.631252
2709.986480	86.575223
2711.915296	86.534567
2713.844112	86.498202
2715.772928	86.435612
2717.701744	86.359664
2719.630560	86.325189
2721.559376	86.293966
2723.488192	86.260383
2725.417008	86.222988
2727.345824	86.182174
2729.274640	86.131346
2731.203456	86.095687
2733.132272	86.049239
2735.061088	85.975298
2736.989904	85.919149
2738.918720	85.898897
2740.847536	85.886132
2742.776352	85.848147
2744.705168	85.770761
2746.633984	85.704518
2748.562800	85.648480
2750.491616	85.599852
2752.420432	85.557069
2754.349248	85.497713
2756.278064	85.439287
2758.206880	85.410623
2760.135696	85.358793
2762.064512	85.298106
2763.993328	85.237945
2765.922144	85.186136
2767.850960	85.125443
2769.779776	85.067913
2771.708592	84.981176
2773.637408	84.907638
2775.566224	84.834157
2777.495040	84.740070
2779.423856	84.625339
2781.352672	84.537538
2783.281488	84.468570
2785.210304	84.367025
2787.139120	84.260616
2789.067936	84.186578
2790.996752	84.068197
2792.925568	83.964779
2794.854384	83.858644
2796.783200	83.731024
2798.712016	83.595953
2800.640832	83.464753
2802.569648	83.321361
2804.498464	83.221238
2806.427280	83.126151
2808.356096	83.017495
2810.284912	82.892022
2812.213728	82.738162
2814.142544	82.584670
2816.071360	82.442037
2818.000176	82.279844
2819.928992	82.141790
2821.857808	81.996845
2823.786624	81.829772
2825.715440	81.657864
2827.644256	81.491585
2829.573072	81.290723
2831.501888	81.076074
2833.430704	80.875658
2835.359520	80.638064
2837.288336	80.375650
2839.217152	80.089547
2841.145968	79.750212
2843.074784	79.412832
2845.003600	79.013512
2846.932416	78.571649
2848.861232	78.123458
2850.790048	77.686131
2852.718864	77.323931
2854.647680	77.074516
2856.576496	76.937715
2858.505312	76.848345
2860.434128	76.777167
2862.362944	76.707842
2864.291760	76.575765
2866.220576	76.385289
2868.149392	76.172404
2870.078208	75.947203
2872.007024	75.723693
2873.935840	75.551787
2875.864656	75.409116
2877.793472	75.266382
2879.722288	75.102157
2881.651104	74.949642
2883.579920	74.809043
2885.508736	74.700370
2887.437552	74.596481
2889.366368	74.475635
2891.295184	74.359635
2893.224000	74.248607
2895.152816	74.134109
2897.081632	74.005123
2899.010448	73.890786
2900.939264	73.762993
2902.868080	73.627689
2904.796896	73.462753
2906.725712	73.267392
2908.654528	73.065957
2910.583344	72.825219
2912.512160	72.516593
2914.440976	72.185258
2916.369792	71.849360
2918.298608	71.542039
2920.227424	71.247672
2922.156240	70.995337
2924.085056	70.866702
2926.013872	70.812122
2927.942688	70.837954
2929.871504	70.941370
2931.800320	71.090713
2933.729136	71.325044
2935.657952	71.605432
2937.586768	71.903578
2939.515584	72.247228
2941.444400	72.606105
2943.373216	72.909892
2945.302032	73.175887
2947.230848	73.420706
2949.159664	73.629250
2951.088480	73.748451
2953.017296	73.830561
2954.946112	73.935725
2956.874928	74.065910
2958.803744	74.195696
2960.732560	74.320513
2962.661376	74.475179
2964.590192	74.669723
2966.519008	74.892202
2968.447824	75.104466
2970.376640	75.323020
2972.305456	75.509616
2974.234272	75.721549
2976.163088	75.930723
2978.091904	76.073006
2980.020720	76.212332
2981.949536	76.334817
2983.878352	76.428399
2985.807168	76.521502
2987.735984	76.586958
2989.664800	76.629221
2991.593616	76.657814
2993.522432	76.650516
2995.451248	76.592664
2997.380064	76.547852
2999.308880	76.496297
3001.237696	76.394180
3003.166512	76.247224
3005.095328	76.113285
3007.024144	75.949073
3008.952960	75.775985
3010.881776	75.635697
3012.810592	75.475474
3014.739408	75.278222
3016.668224	75.104928
3018.597040	74.927509
3020.525856	74.759525
3022.454672	74.598363
3024.383488	74.398343
3026.312304	74.185777
3028.241120	73.985297
3030.169936	73.752737
3032.098752	73.516378
3034.027568	73.313048
3035.956384	73.097217
3037.885200	72.869110
3039.814016	72.651829
3041.742832	72.455651
3043.671648	72.247648
3045.600464	72.025584
3047.529280	71.800030
3049.458096	71.536184
3051.386912	71.289695
3053.315728	71.060068
3055.244544	70.804821
3057.173360	70.558506
3059.102176	70.306741
3061.030992	70.038353
3062.959808	69.772388
3064.888624	69.507373
3066.817440	69.264936
3068.746256	69.046989
3070.675072	68.811177
3072.603888	68.537753
3074.532704	68.266065
3076.461520	68.025593
3078.390336	67.783014
3080.319152	67.553136
3082.247968	67.314905
3084.176784	67.049127
3086.105600	66.794946
3088.034416	66.568517
3089.963232	66.340001
3091.892048	66.093945
3093.820864	65.878439
3095.749680	65.649867
3097.678496	65.387988
3099.607312	65.156615
3101.536128	64.918761
3103.464944	64.658491
3105.393760	64.438678
3107.322576	64.197480
3109.251392	63.944751
3111.180208	63.700242
3113.109024	63.459543
3115.037840	63.212637
3116.966656	62.946697
3118.895472	62.696594
3120.824288	62.465809
3122.753104	62.194448
3124.681920	61.895653
3126.610736	61.657446
3128.539552	61.438164
3130.468368	61.170284
3132.397184	60.915124
3134.326000	60.659509
3136.254816	60.394377
3138.183632	60.158955
3140.112448	59.876012
3142.041264	59.638263
3143.970080	59.424641
3145.898896	59.195631
3147.827712	58.935709
3149.756528	58.692253
3151.685344	58.434709
3153.614160	58.202424
3155.542976	57.974393
3157.471792	57.728319
3159.400608	57.463770
3161.329424	57.249133
3163.258240	57.042680
3165.187056	56.803146
3167.115872	56.556861
3169.044688	56.329208
3170.973504	56.148322
3172.902320	55.956943
3174.831136	55.738552
3176.759952	55.501845
3178.688768	55.275987
3180.617584	55.095272
3182.546400	54.905625
3184.475216	54.678813
3186.404032	54.441886
3188.332848	54.249256
3190.261664	54.099719
3192.190480	53.917111
3194.119296	53.707048
3196.048112	53.570540
3197.976928	53.433372
3199.905744	53.242852
3201.834560	53.084897
3203.763376	52.993413
3205.692192	52.837072
3207.621008	52.658933
3209.549824	52.474876
3211.478640	52.336354
3213.407456	52.240653
3215.336272	52.140545
3217.265088	52.012174
3219.193904	51.906282
3221.122720	51.741104
3223.051536	51.636958
3224.980352	51.545492
3226.909168	51.432469
3228.837984	51.361517
3230.766800	51.284311
3232.695616	51.141102
3234.624432	51.019506
3236.553248	50.954568
3238.482064	50.893519
3240.410880	50.813302
3242.339696	50.768793
3244.268512	50.731039
3246.197328	50.662303
3248.126144	50.566404
3250.054960	50.506133
3251.983776	50.430131
3253.912592	50.426626
3255.841408	50.439618
3257.770224	50.407899
3259.699040	50.357793
3261.627856	50.335442
3263.556672	50.289459
3265.485488	50.221433
3267.414304	50.180445
3269.343120	50.182365
3271.271936	50.170304
3273.200752	50.182020
3275.129568	50.188448
3277.058384	50.188208
3278.987200	50.190079
3280.916016	50.216175
3282.844832	50.214056
3284.773648	50.234926
3286.702464	50.241545
3288.631280	50.246052
3290.560096	50.260703
3292.488912	50.302511
3294.417728	50.328331
3296.346544	50.334330
3298.275360	50.368140
3300.204176	50.401195
3302.132992	50.399704
3304.061808	50.444275
3305.990624	50.490775
3307.919440	50.524135
3309.848256	50.579306
3311.777072	50.629935
3313.705888	50.672437
3315.634704	50.696290
3317.563520	50.694519
3319.492336	50.746940
3321.421152	50.834178
3323.349968	50.930625
3325.278784	50.988495
3327.207600	51.034317
3329.136416	51.144626
3331.065232	51.190469
3332.994048	51.229560
3334.922864	51.350310
3336.851680	51.441157
3338.780496	51.489113
3340.709312	51.607594
3342.638128	51.756260
3344.566944	51.863774
3346.495760	51.916559
3348.424576	51.959858
3350.353392	52.063014
3352.282208	52.216311
3354.211024	52.355771
3356.139840	52.488394
3358.068656	52.646113
3359.997472	52.786050
3361.926288	52.874732
3363.855104	52.980455
3365.783920	53.144723
3367.712736	53.315820
3369.641552	53.430831
3371.570368	53.610375
3373.499184	53.829225
3375.428000	53.970918
3377.356816	54.103242
3379.285632	54.278413
3381.214448	54.509913
3383.143264	54.733260
3385.072080	54.939109
3387.000896	55.111263
3388.929712	55.276619
3390.858528	55.512809
3392.787344	55.751604
3394.716160	55.955896
3396.644976	56.115431
3398.573792	56.318423
3400.502608	56.590047
3402.431424	56.841873
3404.360240	57.034312
3406.289056	57.268529
3408.217872	57.540203
3410.146688	57.760152
3412.075504	58.016294
3414.004320	58.324457
3415.933136	58.588842
3417.861952	58.829361
3419.790768	59.081753
3421.719584	59.383394
3423.648400	59.673049
3425.577216	59.965391
3427.506032	60.218388
3429.434848	60.457322
3431.363664	60.750913
3433.292480	61.062567
3435.221296	61.409891
3437.150112	61.708300
3439.078928	61.959737
3441.007744	62.254950
3442.936560	62.544364
3444.865376	62.870388
3446.794192	63.216118
3448.723008	63.577189
3450.651824	63.877485
3452.580640	64.193988
3454.509456	64.523497
3456.438272	64.859820
3458.367088	65.141690
3460.295904	65.427012
3462.224720	65.726222
3464.153536	66.072950
3466.082352	66.392134
3468.011168	66.774412
3469.939984	67.134728
3471.868800	67.460945
3473.797616	67.733164
3475.726432	68.003137
3477.655248	68.319195
3479.584064	68.726107
3481.512880	69.072509
3483.441696	69.418726
3485.370512	69.744396
3487.299328	70.064949
3489.228144	70.373308
3491.156960	70.747311
3493.085776	71.141584
3495.014592	71.535115
3496.943408	71.903967
3498.872224	72.224420
3500.801040	72.493309
3502.729856	72.899106
3504.658672	73.348092
3506.587488	73.661879
3508.516304	73.940245
3510.445120	74.300289
3512.373936	74.690419
3514.302752	75.143862
3516.231568	75.551396
3518.160384	75.939980
3520.089200	76.231544
3522.018016	76.513682
3523.946832	76.857504
3525.875648	77.238653
3527.804464	77.620303
3529.733280	78.019143
3531.662096	78.326252
3533.590912	78.651178
3535.519728	79.005924
3537.448544	79.443168
3539.377360	79.812150
3541.306176	80.133506
3543.234992	80.414820
3545.163808	80.807246
3547.092624	81.176611
3549.021440	81.558310
3550.950256	81.913124
3552.879072	82.286703
3554.807888	82.620322
3556.736704	83.029974
3558.665520	83.360978
3560.594336	83.657372
3562.523152	84.000484
3564.451968	84.302718
3566.380784	84.544913
3568.309600	85.060941
3570.238416	85.427018
3572.167232	85.706247
3574.096048	86.026699
3576.024864	86.345244
3577.953680	86.653944
3579.882496	86.978916
3581.811312	87.262072
3583.740128	87.567829
3585.668944	87.867398
3587.597760	88.216550
3589.526576	88.553346
3591.455392	88.792992
3593.384208	89.031221
3595.313024	89.329969
3597.241840	89.636801
3599.170656	89.921683
3601.099472	90.198813
3603.028288	90.488395
3604.957104	90.720235
3606.885920	90.949175
3608.814736	91.229238
3610.743552	91.511405
3612.672368	91.753401
3614.601184	92.037259
3616.530000	92.259811
3618.458816	92.496894
3620.387632	92.775419
3622.316448	93.033975
3624.245264	93.248197
3626.174080	93.440002
3628.102896	93.672596
3630.031712	94.033345
3631.960528	94.181346
3633.889344	94.378525
3635.818160	94.610297
3637.746976	94.821922
3639.675792	95.048106
3641.604608	95.288180
3643.533424	95.497359
3645.462240	95.617079
3647.391056	95.724271
3649.319872	95.932397
3651.248688	96.174163
3653.177504	96.285908
3655.106320	96.362050
3657.035136	96.666260
3658.963952	96.812831
3660.892768	96.954652
3662.821584	97.129594
3664.750400	97.265688
3666.679216	97.303239
3668.608032	97.353957
3670.536848	97.475905
3672.465664	97.562975
3674.394480	97.554543
3676.323296	97.751966
3678.252112	97.794588
3680.180928	97.868950
3682.109744	97.957362
3684.038560	98.015654
3685.967376	98.022741
3687.896192	98.052595
3689.825008	98.085763
3691.753824	98.124412
3693.682640	98.162926
3695.611456	98.162497
3697.540272	98.193467
3699.469088	98.202874
3701.397904	98.234804
3703.326720	98.306821
3705.255536	98.333799
3707.184352	98.313868
3709.113168	98.293954
3711.041984	98.326201
3712.970800	98.370728
3714.899616	98.391762
3716.828432	98.390959
3718.757248	98.433971
3720.686064	98.457969
3722.614880	98.446942
3724.543696	98.418515
3726.472512	98.437628
3728.401328	98.468519
3730.330144	98.453706
3732.258960	98.448894
3734.187776	98.418074
3736.116592	98.411355
3738.045408	98.480140
3739.974224	98.479327
3741.903040	98.457039
3743.831856	98.482434
3745.760672	98.571849
3747.689488	98.454197
3749.618304	98.434082
3751.547120	98.475192
3753.475936	98.515755
3755.404752	98.462792
3757.333568	98.463105
3759.262384	98.492064
3761.191200	98.506664
3763.120016	98.487048
3765.048832	98.498458
3766.977648	98.536249
3768.906464	98.509924
3770.835280	98.528787
3772.764096	98.528554
3774.692912	98.514355
3776.621728	98.509406
3778.550544	98.528540
3780.479360	98.559437
3782.408176	98.527216
3784.336992	98.535346
3786.265808	98.554353
3788.194624	98.572903
3790.123440	98.577501
3792.052256	98.580179
3793.981072	98.575962
3795.909888	98.574773
3797.838704	98.578978
3799.767520	98.546401
3801.696336	98.574139
3803.625152	98.610153
3805.553968	98.554601
3807.482784	98.576873
3809.411600	98.589287
3811.340416	98.574125
3813.269232	98.550140
3815.198048	98.546728
3817.126864	98.595308
3819.055680	98.542865
3820.984496	98.547341
3822.913312	98.590695
3824.842128	98.532926
3826.770944	98.538964
3828.699760	98.536798
3830.628576	98.537950
3832.557392	98.536675
3834.486208	98.521262
3836.415024	98.482592
3838.343840	98.466410
3840.272656	98.468407
3842.201472	98.460234
3844.130288	98.479775
3846.059104	98.522978
3847.987920	98.508513
3849.916736	98.488909
3851.845552	98.435561
3853.774368	98.501236
3855.703184	98.504612
3857.632000	98.473720
3859.560816	98.462154
3861.489632	98.460700
3863.418448	98.460336
3865.347264	98.488922
3867.276080	98.485684
3869.204896	98.444857
3871.133712	98.476578
3873.062528	98.456765
3874.991344	98.496087
3876.920160	98.475634
3878.848976	98.425116
3880.777792	98.462484
3882.706608	98.467736
3884.635424	98.428858
3886.564240	98.472737
3888.493056	98.471014
3890.421872	98.415138
3892.350688	98.458370
3894.279504	98.496236
3896.208320	98.459323
3898.137136	98.413564
3900.065952	98.425465
3901.994768	98.397692
3903.923584	98.372975
3905.852400	98.389897
3907.781216	98.408446
3909.710032	98.424839
3911.638848	98.412658
3913.567664	98.398313
3915.496480	98.371312
3917.425296	98.375032
3919.354112	98.377798
3921.282928	98.375459
3923.211744	98.349340
3925.140560	98.324170
3927.069376	98.353213
3928.998192	98.360903
3930.927008	98.342037
3932.855824	98.335251
3934.784640	98.331846
3936.713456	98.333717
3938.642272	98.364073
3940.571088	98.325184
3942.499904	98.309687
3944.428720	98.312404
3946.357536	98.301539
3948.286352	98.303431
3950.215168	98.357535
3952.143984	98.368020
3954.072800	98.343267
3956.001616	98.314898
3957.930432	98.312769
3959.859248	98.294150
3961.788064	98.279794
3963.716880	98.312657
3965.645696	98.318534
3967.574512	98.280528
3969.503328	98.304411
3971.432144	98.321459
3973.360960	98.295286
3975.289776	98.276948
3977.218592	98.301310
3979.147408	98.280746
3981.076224	98.269351
3983.005040	98.277607
3984.933856	98.278562
3986.862672	98.298016
3988.791488	98.282783
3990.720304	98.251464
3992.649120	98.294694
3994.577936	98.315022
3996.506752	98.271604
3998.435568	98.222699
4000.364384	98.233677